7
0
-1
0.0 0.0 0.0 
0.0 15.271582 0.0 
5.0 0.5 5.0 
0.0 0.0 0.0 
0.0 0.0 0.0 
0.0 0.0 0.0 
0.0 0.0 0.0 
0
1
0
0.0 0.0 0.0 
4.2729235 12.410831 6.365379 
2.8498602 2.3607504 1.365379 
1.4098113 -0.5 5.0 
-2.8631124 2.3607504 -1.365379 
1.0 0.0 0.0 
1.0 0.0 0.0 
3
4 0.0 1
3 0.0 1
3 6.922881 1
3 -120.0 1
3 0.0 1
4 0.0 1
3 0.0 1
3 3.2603323 1
3 120.0 1
3 0.0 1
4 0.0 1
3 0.0 1
3 8.541454 1
3 120.0 1
3 0.0 1
2
0
0.0 0.0 0.0 
-4.2729235 12.410831 -6.365379 
2.8498602 2.3607504 1.365379 
-1.4098113 -0.5 -5.0 
2.8631124 2.3607504 1.365379 
1.0 0.0 0.0 
1.0 0.0 0.0 
3
4 0.0 2
3 0.0 2
3 6.922881 2
3 120.0 2
3 0.0 2
4 0.0 2
3 0.0 2
3 3.2603323 2
3 -120.0 2
3 0.0 2
4 0.0 2
3 0.0 2
3 8.541454 2
3 -120.0 2
3 0.0 2
3
1
0.0 0.0 0.0 
0.11791301 7.4247456 6.893645 
1.3051503 2.6253355 0.5615665 
-2.8498602 -2.3607504 1.4662793 
1.3051503 2.6253355 0.9380135 
0.0 0.0 1.0 
0.0 0.0 1.0 
4
4 0.0 3
3 0.0 3
3 5.88952 3
3 55.36907 3
3 0.0 3
4 0.0 3
3 0.0 3
3 2.858382 3
3 55.36907 3
3 0.0 3
4 0.0 3
3 0.0 3
3 6.1121845 3
3 55.36907 3
3 0.0 3
4 0.0 3
3 0.0 3
3 8.1379795 3
3 -55.36907 3
3 0.0 3
4
2
0.0 0.0 0.0 
-0.11791301 7.4247456 -6.893645 
1.3051503 2.6253355 0.5615665 
2.8498602 -2.3607504 -1.4662793 
-1.3051503 2.6253355 -0.9380135 
0.0 0.0 1.0 
0.0 0.0 1.0 
4
4 0.0 4
3 0.0 4
3 5.88952 4
3 -55.36907 4
3 0.0 4
4 0.0 4
3 0.0 4
3 2.858382 4
3 -55.36907 4
3 0.0 4
4 0.0 4
3 0.0 4
3 6.1121845 4
3 -55.36907 4
3 0.0 4
4 0.0 4
3 0.0 4
3 8.1379795 4
3 55.36907 4
3 0.0 4
5
3
0.0 0.0 0.0 
1.5719234 2.399705 7.2140555 
1.1005063 2.399705 0.88197714 
0.6381954 -2.6253355 -0.5615665 
-0.815815 2.399705 -0.88197714 
1.0 0.0 0.0 
1.0 0.0 0.0 
3
4 0.0 5
3 0.0 5
3 6.7550964 5
3 22.534746 5
3 0.0 5
4 0.0 5
3 0.0 5
3 8.447798 5
3 -22.534746 5
3 0.0 5
4 0.0 5
3 0.0 5
3 6.3425837 5
3 -22.534746 5
3 0.0 5
6
4
0.0 0.0 0.0 
-1.5719234 2.399705 -7.2140555 
1.1005063 2.399705 0.88197714 
-0.6381954 -2.6253355 0.5615665 
0.815815 2.399705 0.88197714 
1.0 0.0 0.0 
1.0 0.0 0.0 
3
4 0.0 6
3 0.0 6
3 6.7550964 6
3 -22.534746 6
3 0.0 6
4 0.0 6
3 0.0 6
3 8.447798 6
3 22.534746 6
3 0.0 6
4 0.0 6
3 0.0 6
3 6.3425837 6
3 22.534746 6
3 0.0 6
