5
0
-1
0.0 0.5235988 0.0 
0.0 12.5 0.0 
1.0 1.0 1.0 
0.0 0.0 0.0 
0.0 0.0 0.0 
0.0 0.0 0.0 
0.0 0.0 0.0 
0
1
0
0.0 0.5235988 0.0 
3.4641016 11.0 -2.0 
3.0 0.5 0.5 
1.0 -1.0 0.0 
-3.0 0.5 0.0 
0.0 0.0 1.0 
0.0 0.0 1.0 
2
4 0.0 1
3 0.0 1
3 5.0 1
3 -3.4028235E38 1
3 0.0 1
4 0.0 1
3 0.0 1
3 3.0 1
3 3.4028235E38 1
3 0.0 1
2
0
0.0 0.5235988 0.0 
-3.4641016 11.0 2.0 
3.0 0.5 0.5 
-1.0 -1.0 0.0 
3.0 0.5 0.0 
0.0 0.0 1.0 
0.0 0.0 1.0 
2
4 0.0 2
3 0.0 2
3 5.0 2
3 3.4028235E38 2
3 0.0 2
4 0.0 2
3 0.0 2
3 3.0 2
3 -3.4028235E38 2
3 0.0 2
3
0
0.0 0.5235988 0.0 
2.0 11.0 3.4641016 
0.5 0.5 3.0 
0.0 -1.0 1.0 
0.0 0.5 -3.0 
1.0 0.0 0.0 
1.0 0.0 0.0 
2
4 0.0 3
3 0.0 3
3 5.0 3
3 3.4028235E38 3
3 0.0 3
4 0.0 3
3 0.0 3
3 3.0 3
3 -3.4028235E38 3
3 0.0 3
4
0
0.0 0.5235988 0.0 
-2.0 11.0 -3.4641016 
0.5 0.5 3.0 
0.0 -1.0 -1.0 
0.0 0.5 3.0 
1.0 0.0 0.0 
1.0 0.0 0.0 
2
4 0.0 4
3 0.0 4
3 5.0 4
3 -3.4028235E38 4
3 0.0 4
4 0.0 4
3 0.0 4
3 3.0 4
3 3.4028235E38 4
3 0.0 4
3
0
-1
0.0 0.5235988 0.0 
0.0 12.5 0.0 
2.0 1.5 1.5 
0.0 0.0 0.0 
0.0 0.0 0.0 
0.0 0.0 0.0 
0.0 0.0 0.0 
0
1
0
0.0 0.5235988 0.0 
4.330127 10.5 -2.5 
3.0 0.5 1.3602917 
2.0 -1.5 0.0 
-3.0 0.5 0.0 
0.0 0.0 1.0 
0.0 0.0 1.0 
2
4 0.0 1
3 0.0 1
3 5.0 1
3 -3.4028235E38 1
3 0.0 1
4 0.0 1
3 0.0 1
3 3.0 1
3 3.4028235E38 1
3 0.0 1
2
0
0.0 0.5235988 0.0 
-4.330127 10.5 2.5 
3.0 0.5 1.0 
-2.0 -1.5 0.0 
3.0 0.5 0.0 
0.0 0.0 1.0 
0.0 0.0 1.0 
2
4 0.0 2
3 0.0 2
3 5.0 2
3 3.4028235E38 2
3 0.0 2
4 0.0 2
3 0.0 2
3 3.0 2
3 -3.4028235E38 2
3 0.0 2
7
0
-1
0.0 0.0 0.0 
0.0 3.22049 0.0 
2.0637233 0.7178948 2.6780264 
0.0 0.0 0.0 
0.0 0.0 0.0 
0.0 0.0 0.0 
0.0 0.0 0.0 
0
1
0
0.0 0.0 0.0 
-1.1564317 2.782104 -5.3160152 
0.90729165 0.72472167 2.6379888 
-2.0637233 0.20645916 -2.6780264 
-0.90729165 0.64484537 2.6379888 
0.0 0.0 1.0 
0.0 0.0 1.0 
3
4 0.0 1
3 0.0 1
3 3.366774 1
3 -35.723133 1
3 0.0 1
4 0.0 1
3 0.0 1
3 3.0283751 1
3 -35.723133 1
3 0.0 1
4 0.0 1
3 0.0 1
3 8.529146 1
3 -35.723133 1
3 0.0 1
2
0
0.0 0.0 0.0 
-3.8374343 3.8690166 3.184693 
1.7737111 1.2073241 0.50666666 
-2.0637233 -0.711391 2.6780264 
1.7737111 -1.3599174 -0.50666666 
0.0 1.0 0.0 
0.0 1.0 0.0 
3
4 0.0 2
3 0.0 2
3 8.749658 2
3 35.723133 2
3 0.0 2
4 0.0 2
3 0.0 2
3 6.876049 2
3 -35.723133 2
3 0.0 2
4 0.0 2
3 0.0 2
3 4.0467277 2
3 -35.723133 2
3 0.0 2
3
1
0.0 0.0 0.0 
-3.657442 1.241781 -1.8130302 
2.353838 0.8156012 0.8649962 
-0.32119358 -0.72472167 2.6379888 
2.1798167 0.8156012 -0.8649962 
1.0 0.0 0.0 
1.0 0.0 0.0 
3
4 0.0 3
3 0.0 3
3 5.0825334 3
3 19.851067 3
3 0.0 3
4 0.0 3
3 0.0 3
3 6.7755203 3
3 -19.851067 3
3 0.0 3
4 0.0 3
3 0.0 3
3 6.118445 3
3 19.851067 3
3 0.0 3
4
2
0.0 0.0 0.0 
-6.0275764 1.3308462 2.6734655 
2.48341 1.3308462 1.0178943 
-0.04091829 -1.2073241 0.50666666 
2.149224 1.3308462 1.0178943 
1.0 0.0 0.0 
1.0 0.0 0.0 
2
4 0.0 4
3 0.0 4
3 8.83526 4
3 -14.607342 4
3 0.0 4
4 0.0 4
3 0.0 4
3 5.4920044 4
3 -14.607342 4
3 0.0 4
5
3
0.0 0.0 0.0 
-5.606926 4.014162 -2.8958135 
0.8941609 1.9567797 1.9477793 
-1.4330829 0.8156012 0.8649962 
0.51640064 -1.9567797 1.9477793 
1.0 0.0 0.0 
1.0 0.0 0.0 
2
4 0.0 5
3 0.0 5
3 7.3457656 5
3 18.645384 5
3 0.0 5
4 0.0 5
3 0.0 5
3 8.5232315 5
3 18.645384 5
3 0.0 5
6
5
0.0 0.0 0.0 
-2.072057 8.443499 -0.2337352 
2.6407082 3.386503 1.1512433 
0.8941609 1.9567797 1.9477793 
-2.6407082 -3.386503 -1.1512433 
0.0 0.0 1.0 
0.0 0.0 1.0 
3
4 0.0 6
3 0.0 6
3 8.157314 6
3 29.210718 6
3 0.0 6
4 0.0 6
3 0.0 6
3 5.846404 6
3 29.210718 6
3 0.0 6
4 0.0 6
3 0.0 6
3 3.8793797 6
3 -29.210718 6
3 0.0 6
5
0
-1
0.0 0.0 0.0 
0.0 9.699195 0.0 
1.2122531 1.7330916 1.1925477 
0.0 0.0 0.0 
0.0 0.0 0.0 
0.0 0.0 0.0 
0.0 0.0 0.0 
0
1
0
0.0 0.0 0.0 
-3.8128061 6.669881 -0.34161258 
2.600553 1.2962222 1.7936237 
-1.2122531 -1.7330916 1.3479779 
2.600553 1.2962222 1.6895905 
0.0 0.0 1.0 
0.0 0.0 1.0 
2
4 0.0 1
3 0.0 1
3 3.0269728 1
3 22.453638 1
3 0.0 1
4 0.0 1
3 0.0 1
3 4.6302314 1
3 -22.453638 1
3 0.0 1
2
0
0.0 0.0 0.0 
3.8128061 6.669881 0.34161258 
2.600553 1.2962222 1.7936237 
1.2122531 -1.7330916 -1.3479779 
-2.600553 1.2962222 -1.6895905 
0.0 0.0 1.0 
0.0 0.0 1.0 
2
4 0.0 2
3 0.0 2
3 3.0269728 2
3 -22.453638 2
3 0.0 2
4 0.0 2
3 0.0 2
3 4.6302314 2
3 22.453638 2
3 0.0 2
3
1
0.0 0.0 0.0 
-3.6206052 2.6868296 -1.4434843 
2.362692 2.6868296 0.69175196 
-2.600553 -1.2962222 -1.7936237 
-2.362692 2.6868296 -0.69175196 
1.0 0.0 0.0 
1.0 0.0 0.0 
4
4 0.0 3
3 0.0 3
3 4.5609097 3
3 -41.44097 3
3 0.0 3
4 0.0 3
3 0.0 3
3 6.279283 3
3 -41.44097 3
3 0.0 3
4 0.0 3
3 0.0 3
3 7.668901 3
3 -41.44097 3
3 0.0 3
4 0.0 3
3 0.0 3
3 7.732467 3
3 41.44097 3
3 0.0 3
4
2
0.0 0.0 0.0 
3.6206052 2.6868296 1.4434843 
2.362692 2.6868296 0.69175196 
2.600553 -1.2962222 1.7936237 
2.362692 2.6868296 0.69175196 
1.0 0.0 0.0 
1.0 0.0 0.0 
4
4 0.0 4
3 0.0 4
3 4.5609097 4
3 41.44097 4
3 0.0 4
4 0.0 4
3 0.0 4
3 6.279283 4
3 41.44097 4
3 0.0 4
4 0.0 4
3 0.0 4
3 7.668901 4
3 41.44097 4
3 0.0 4
4 0.0 4
3 0.0 4
3 7.732467 4
3 -41.44097 4
3 0.0 4
5
0
-1
0.0 0.0 0.0 
0.0 10.544335 0.0 
0.68076766 2.954213 1.3899025 
0.0 0.0 0.0 
0.0 0.0 0.0 
0.0 0.0 0.0 
0.0 0.0 0.0 
0
1
0
0.0 0.0 0.0 
-0.96729624 4.7833447 -3.7159367 
1.7346088 2.8067782 2.3492906 
0.68076766 -2.954213 -1.3899025 
1.7346088 2.8067782 2.3492906 
1.0 0.0 0.0 
1.0 0.0 0.0 
2
4 0.0 1
3 0.0 1
3 2.8280506 1
3 -27.915455 1
3 0.0 1
4 0.0 1
3 0.0 1
3 8.29791 1
3 -27.915455 1
3 0.0 1
2
0
0.0 0.0 0.0 
1.4620404 12.961866 -2.6619968 
2.7412689 0.5366813 1.295351 
0.68076766 2.954213 -1.3899025 
-2.7412689 0.5366813 1.295351 
1.0 0.0 0.0 
1.0 0.0 0.0 
2
4 0.0 2
3 0.0 2
3 5.574988 2
3 27.915455 2
3 0.0 2
4 0.0 2
3 0.0 2
3 2.5876367 2
3 -27.915455 2
3 0.0 2
3
1
0.0 0.0 0.0 
-2.2180805 3.5191176 0.25843322 
0.92941 1.5425512 1.6250793 
-1.7346088 -2.8067782 2.3492906 
0.92941 -1.5425512 -1.6250793 
1.0 0.0 0.0 
1.0 0.0 0.0 
4
4 0.0 3
3 0.0 3
3 7.375461 3
3 -62.1508 3
3 0.0 3
4 0.0 3
3 0.0 3
3 7.517976 3
3 62.1508 3
3 0.0 3
4 0.0 3
3 0.0 3
3 2.9794965 3
3 -62.1508 3
3 0.0 3
4 0.0 3
3 0.0 3
3 3.4080126 3
3 -62.1508 3
3 0.0 3
4
3
0.0 0.0 0.0 
-1.4637843 0.98828346 2.048411 
1.6837062 0.98828346 2.5431118 
-0.92941 -1.5425512 1.6250793 
-1.6837062 0.98828346 -2.5431118 
0.0 0.0 1.0 
0.0 0.0 1.0 
2
4 0.0 4
3 0.0 4
3 5.6746583 4
3 21.80318 4
3 0.0 4
4 0.0 4
3 0.0 4
3 4.2599015 4
3 -21.80318 4
3 0.0 4
5
0
-1
0.0 0.0 0.0 
0.0 6.1523075 0.0 
0.7087648 2.6166859 2.778656 
0.0 0.0 0.0 
0.0 0.0 0.0 
0.0 0.0 0.0 
0.0 0.0 0.0 
0
1
0
0.0 0.0 0.0 
1.1658089 1.7678108 5.17235 
1.7857474 1.7678106 2.3936942 
-0.36026812 -2.6166859 2.778656 
-1.526077 1.7678106 -2.3936942 
1.0 0.0 0.0 
1.0 0.0 0.0 
3
4 0.0 1
3 0.0 1
3 5.6902404 1
3 -44.379593 1
3 0.0 1
4 0.0 1
3 0.0 1
3 6.998825 1
3 44.379593 1
3 0.0 1
4 0.0 1
3 0.0 1
3 4.5468483 1
3 -44.379593 1
3 0.0 1
2
0
0.0 0.0 0.0 
-1.1658089 1.7678108 -5.17235 
1.7857474 1.7678106 2.3936942 
0.36026812 -2.6166859 -2.778656 
1.526077 1.7678106 2.3936942 
1.0 0.0 0.0 
1.0 0.0 0.0 
3
4 0.0 2
3 0.0 2
3 5.6902404 2
3 44.379593 2
3 0.0 2
4 0.0 2
3 0.0 2
3 6.998825 2
3 -44.379593 2
3 0.0 2
4 0.0 2
3 0.0 2
3 4.5468483 2
3 44.379593 2
3 0.0 2
3
0
0.0 0.0 0.0 
-1.8218898 2.5128212 2.1704993 
1.113125 1.0228004 1.7337104 
-0.7087648 -2.6166859 2.778656 
1.113125 1.0228004 1.7337104 
0.0 0.0 1.0 
0.0 0.0 1.0 
4
4 0.0 3
3 0.0 3
3 8.119241 3
3 44.379593 3
3 0.0 3
4 0.0 3
3 0.0 3
3 2.9476986 3
3 44.379593 3
3 0.0 3
4 0.0 3
3 0.0 3
3 2.3765788 3
3 -44.379593 3
3 0.0 3
4 0.0 3
3 0.0 3
3 5.2491508 3
3 44.379593 3
3 0.0 3
4
0
0.0 0.0 0.0 
1.8218898 2.5128212 -2.1704993 
1.113125 1.0228004 1.7337104 
0.7087648 -2.6166859 -2.778656 
-1.113125 1.0228004 -1.7337104 
0.0 0.0 1.0 
0.0 0.0 1.0 
4
4 0.0 4
3 0.0 4
3 8.119241 4
3 -44.379593 4
3 0.0 4
4 0.0 4
3 0.0 4
3 2.9476986 4
3 -44.379593 4
3 0.0 4
4 0.0 4
3 0.0 4
3 2.3765788 4
3 44.379593 4
3 0.0 4
4 0.0 4
3 0.0 4
3 5.2491508 4
3 -44.379593 4
3 0.0 4
3
0
-1
0.0 0.0 0.0 
0.0 5.3134484 0.0 
1.5785815 1.7019411 1.5686162 
0.0 0.0 0.0 
0.0 0.0 0.0 
0.0 0.0 0.0 
0.0 0.0 0.0 
0
1
0
0.0 0.0 0.0 
-1.6221724 1.8057537 0.08939314 
1.4932779 1.8057536 1.6580093 
-1.2584682 -1.7019411 -1.5686162 
0.3637042 1.8057536 -1.6580093 
1.0 0.0 0.0 
1.0 0.0 0.0 
4
4 0.0 1
3 0.0 1
3 6.58354 1
3 31.330135 1
3 0.0 1
4 0.0 1
3 0.0 1
3 6.302399 1
3 -31.330135 1
3 0.0 1
4 0.0 1
3 0.0 1
3 3.5658145 1
3 -31.330135 1
3 0.0 1
4 0.0 1
3 0.0 1
3 8.592963 1
3 31.330135 1
3 0.0 1
2
0
0.0 0.0 0.0 
1.6221724 1.8057537 -0.08939314 
1.4932779 1.8057536 1.6580093 
1.5785815 -1.7019411 1.5686162 
-1.4932779 1.8057536 1.6580093 
1.0 0.0 0.0 
1.0 0.0 0.0 
4
4 0.0 2
3 0.0 2
3 6.58354 2
3 -31.330135 2
3 0.0 2
4 0.0 2
3 0.0 2
3 6.302399 2
3 31.330135 2
3 0.0 2
4 0.0 2
3 0.0 2
3 3.5658145 2
3 31.330135 2
3 0.0 2
4 0.0 2
3 0.0 2
3 8.592963 2
3 -31.330135 2
3 0.0 2
9
0
-1
0.0 0.0 0.0 
0.0 8.481714 0.0 
0.9181659 2.1456482 1.2845969 
0.0 0.0 0.0 
0.0 0.0 0.0 
0.0 0.0 0.0 
0.0 0.0 0.0 
0
1
0
0.0 0.0 0.0 
-2.1086974 4.398042 -0.35774702 
1.1905314 1.9380242 0.80343425 
-0.9181659 -2.1456482 -1.1368575 
1.1905314 1.9380242 -0.7791105 
0.0 0.0 1.0 
0.0 0.0 1.0 
3
4 0.0 1
3 0.0 1
3 8.888214 1
3 23.62331 1
3 0.0 1
4 0.0 1
3 0.0 1
3 2.312314 1
3 -23.62331 1
3 0.0 1
4 0.0 1
3 0.0 1
3 7.736425 1
3 -23.62331 1
3 0.0 1
2
1
0.0 0.0 0.0 
-4.2669573 1.2300091 -0.76931447 
2.1514924 1.2300091 1.2150017 
0.63581544 -1.9380242 0.80343425 
2.7940753 1.2300091 1.2150017 
1.0 0.0 0.0 
1.0 0.0 0.0 
3
4 0.0 2
3 0.0 2
3 4.0993705 2
3 -19.28347 2
3 0.0 2
4 0.0 2
3 0.0 2
3 8.79833 2
3 19.28347 2
3 0.0 2
4 0.0 2
3 0.0 2
3 4.9874 2
3 -19.28347 2
3 0.0 2
3
0
0.0 0.0 0.0 
0.37672198 8.028847 -1.963874 
1.2948879 2.585428 0.67927706 
-0.9181659 -1.741638 -1.2845969 
-1.2948879 -1.2887695 0.67927706 
0.0 0.0 1.0 
0.0 0.0 1.0 
4
4 0.0 3
3 0.0 3
3 6.326556 3
3 23.62331 3
3 0.0 3
4 0.0 3
3 0.0 3
3 5.8237834 3
3 23.62331 3
3 0.0 3
4 0.0 3
3 0.0 3
3 8.153458 3
3 23.62331 3
3 0.0 3
4 0.0 3
3 0.0 3
3 7.25183 3
3 -23.62331 3
3 0.0 3
4
1
0.0 0.0 0.0 
-5.744679 7.609211 -3.9694273 
2.8299322 1.2731447 2.8082461 
-1.1623588 1.9380242 -0.80343425 
2.4736228 -1.2731447 2.8082461 
1.0 0.0 0.0 
1.0 0.0 0.0 
3
4 0.0 4
3 0.0 4
3 3.8677611 4
3 19.28347 4
3 0.0 4
4 0.0 4
3 0.0 4
3 4.411644 4
3 -19.28347 4
3 0.0 4
4 0.0 4
3 0.0 4
3 2.6283112 4
3 19.28347 4
3 0.0 4
5
3
0.0 0.0 0.0 
-0.64830637 11.828072 -5.086396 
2.8842735 1.2137971 2.4432452 
0.6953696 2.585428 -0.67927706 
1.720398 -1.2137971 2.4432452 
1.0 0.0 0.0 
1.0 0.0 0.0 
3
4 0.0 5
3 0.0 5
3 5.1955013 5
3 23.934595 5
3 0.0 5
4 0.0 5
3 0.0 5
3 8.017421 5
3 -23.934595 5
3 0.0 5
4 0.0 5
3 0.0 5
3 3.9596598 5
3 23.934595 5
3 0.0 5
6
2
0.0 0.0 0.0 
0.88174534 2.2930255 1.7121146 
2.9972103 1.029902 1.2664273 
2.1514924 1.7032509 1.2150017 
-2.9972103 0.64023465 -1.2664273 
0.0 0.0 1.0 
0.0 0.0 1.0 
3
4 0.0 6
3 0.0 6
3 3.6468182 6
3 27.019539 6
3 0.0 6
4 0.0 6
3 0.0 6
3 3.9830647 6
3 27.019539 6
3 0.0 6
4 0.0 6
3 0.0 6
3 3.1291292 6
3 27.019539 6
3 0.0 6
7
5
0.0 0.0 0.0 
-4.8494735 10.954847 -4.640398 
1.3168935 2.0415554 2.8892434 
-2.8842735 1.4568621 -2.4432452 
1.3168935 2.3300862 -2.8892434 
0.0 1.0 0.0 
0.0 1.0 0.0 
4
4 0.0 7
3 0.0 7
3 6.6607437 7
3 -54.054058 7
3 0.0 7
4 0.0 7
3 0.0 7
3 7.6801453 7
3 54.054058 7
3 0.0 7
4 0.0 7
3 0.0 7
3 5.552642 7
3 54.054058 7
3 0.0 7
4 0.0 7
3 0.0 7
3 8.685928 7
3 54.054058 7
3 0.0 7
8
7
0.0 0.0 0.0 
-6.881736 13.794237 0.9809215 
0.96258414 0.79783475 2.7320762 
-1.5782349 2.0415554 2.8892434 
0.45402735 -0.79783475 -2.7320762 
1.0 0.0 0.0 
1.0 0.0 0.0 
4
4 0.0 8
3 0.0 8
3 5.8380404 8
3 -49.567547 8
3 0.0 8
4 0.0 8
3 0.0 8
3 4.7630434 8
3 -49.567547 8
3 0.0 8
4 0.0 8
3 0.0 8
3 7.973475 8
3 49.567547 8
3 0.0 8
4 0.0 8
3 0.0 8
3 7.72896 8
3 49.567547 8
3 0.0 8
3
0
-1
0.0 0.0 0.0 
0.0 7.3784966 0.0 
2.1384056 1.4685445 2.9215574 
0.0 0.0 0.0 
0.0 0.0 0.0 
0.0 0.0 0.0 
0.0 0.0 0.0 
0
1
0
0.0 0.0 0.0 
0.799023 2.954976 -2.327953 
2.1848593 2.954976 0.5936043 
-0.6089415 -1.4685445 -2.9215574 
-1.4079645 2.954976 -0.5936043 
1.0 0.0 0.0 
1.0 0.0 0.0 
2
4 0.0 1
3 0.0 1
3 3.3009622 1
3 -54.71302 1
3 0.0 1
4 0.0 1
3 0.0 1
3 5.251798 1
4 54.71302 1
3 0.0 1
2
0
0.0 0.0 0.0 
-0.799023 2.954976 2.327953 
2.1848593 2.954976 0.5936043 
0.6089415 -1.4685445 2.9215574 
1.4079645 2.954976 0.5936043 
1.0 0.0 0.0 
1.0 0.0 0.0 
2
4 0.0 2
3 0.0 2
3 3.3009622 2
3 54.71302 2
3 0.0 2
4 0.0 2
3 0.0 2
3 5.251798 2
3 -54.71302 2
3 0.0 2
4
0
-1
0.0 0.0 0.0 
0.0 10.628744 0.0 
1.4414077 2.7104182 1.9274399 
0.0 0.0 0.0 
0.0 0.0 0.0 
0.0 0.0 0.0 
0.0 0.0 0.0 
0
1
0
0.0 0.0 0.0 
0.81056345 6.805094 3.0016432 
2.6560566 1.1132326 1.0742034 
-1.1747555 -2.7104182 1.9274399 
-1.9853189 1.1132326 -1.0742034 
1.0 0.0 0.0 
1.0 0.0 0.0 
3
4 0.0 1
3 0.0 1
3 3.1323214 1
3 -47.636852 1
3 0.0 1
4 0.0 1
3 0.0 1
3 8.3131695 1
3 -47.636852 1
3 0.0 1
4 0.0 1
3 0.0 1
3 7.500845 1
3 47.636852 1
3 0.0 1
2
1
0.0 0.0 0.0 
-4.5810757 2.8459306 5.726227 
2.947111 2.8459306 2.015753 
-2.6560566 -1.1132326 -1.0742034 
2.947111 2.8459306 -2.015753 
0.0 0.0 1.0 
0.0 0.0 1.0 
3
4 0.0 2
3 0.0 2
3 7.6831417 2
3 28.023167 2
3 0.0 2
4 0.0 2
3 0.0 2
3 7.9779625 2
3 -28.023167 2
3 0.0 2
4 0.0 2
3 0.0 2
3 2.1732323 2
3 28.023167 2
3 0.0 2
3
2
0.0 0.0 0.0 
-1.3388324 7.0378013 8.281687 
2.3348637 1.3459399 0.53970754 
2.947111 2.8459306 2.015753 
-2.3348637 -1.3459399 -0.53970754 
1.0 0.0 0.0 
1.0 0.0 0.0 
3
4 0.0 3
3 0.0 3
3 5.171692 3
3 76.14491 3
3 0.0 3
4 0.0 3
3 0.0 3
3 8.815256 3
3 -76.14491 3
3 0.0 3
4 0.0 3
3 0.0 3
3 8.261065 3
3 76.14491 3
3 0.0 3
