9
0
-1
0.0 0.0 0.0
0.0 5.5506845 0.0
5.0 0.5 5.0
0.0 0.0 0.0
0.0 0.0 0.0
0.0 0.0 0.0
0.0 0.0 0.0
0
1
0
0.0 0.0 0.0
-6.8243957 3.284584 -1.2360708
1.8243955 1.7661004 2.5205977
-5.0 -0.5 -2.2358088
1.8243955 1.7661004 -0.9997381
0.0 0.0 1.0
0.0 0.0 1.0
4
4 0.0 1
3 0.0 1
3 3.511754 1
3 120.0 1
3 0.0 1
4 0.0 1
3 0.0 1
3 3.2531111 1
3 120.0 1
3 0.0 1
4 0.0 1
3 0.0 1
3 6.181807 1
3 120.0 1
3 0.0 1
4 0.0 1
3 0.0 1
3 6.314211 1
3 120.0 1
3 0.0 1
2
0
0.0 0.0 0.0
6.8243957 3.284584 1.2360708
1.8243955 1.7661004 2.5205977
5.0 -0.5 2.2358088
-1.8243955 1.7661004 0.9997381
0.0 0.0 1.0
0.0 0.0 1.0
4
4 0.0 2
3 0.0 2
3 3.511754 2
3 -120.0 2
3 0.0 2
4 0.0 2
3 0.0 2
3 3.2531111 2
3 -120.0 2
3 0.0 2
4 0.0 2
3 0.0 2
3 6.181807 2
3 -120.0 2
3 0.0 2
4 0.0 2
3 0.0 2
3 6.314211 2
3 -120.0 2
3 0.0 2
3
0
0.0 0.0 0.0
0.4064647 4.541717 6.436673
0.9735124 0.5089675 1.4366734
0.10537124 -0.5 5.0
-0.30109346 0.5089675 -1.4366734
1.0 0.0 0.0
1.0 0.0 0.0
3
4 0.0 3
3 0.0 3
3 8.377193 3
3 120.0 3
3 0.0 3
4 0.0 3
3 0.0 3
3 6.113332 3
3 -120.0 3
3 0.0 3
4 0.0 3
3 0.0 3
3 2.194098 3
3 120.0 3
3 0.0 3
4
0
0.0 0.0 0.0
-0.4064647 4.541717 -6.436673
0.9735124 0.5089675 1.4366734
-0.10537124 -0.5 -5.0
0.30109346 0.5089675 1.4366734
1.0 0.0 0.0
1.0 0.0 0.0
3
4 0.0 4
3 0.0 4
3 8.377193 4
3 -120.0 4
3 0.0 4
4 0.0 4
3 0.0 4
3 6.113332 4
3 120.0 4
3 0.0 4
4 0.0 4
3 0.0 4
3 2.194098 4
3 -120.0 4
3 0.0 4
5
1
0.0 0.0 0.0
-2.7057288 0.934165 -3.222484
2.2942712 0.58431864 1.1335559
1.8243955 -1.7661004 -2.9978085
-2.2942712 0.58431864 -1.011395
0.0 0.0 1.0
0.0 0.0 1.0
4
4 0.0 5
3 0.0 5
3 5.299541 5
3 49.089046 5
3 0.0 5
4 0.0 5
3 0.0 5
3 7.814472 5
3 -49.089046 5
3 0.0 5
4 0.0 5
3 0.0 5
3 6.8041964 5
3 49.089046 5
3 0.0 5
4 0.0 5
3 0.0 5
3 5.6904864 5
3 -49.089046 5
3 0.0 5
6
2
0.0 0.0 0.0
2.7057288 0.934165 3.222484
2.2942712 0.58431864 1.1335559
-1.8243955 -1.7661004 2.9978085
2.2942712 0.58431864 1.011395
0.0 0.0 1.0
0.0 0.0 1.0
4
4 0.0 6
3 0.0 6
3 5.299541 6
3 -49.089046 6
3 0.0 6
4 0.0 6
3 0.0 6
3 7.814472 6
3 49.089046 6
3 0.0 6
4 0.0 6
3 0.0 6
3 6.8041964 6
3 -49.089046 6
3 0.0 6
4 0.0 6
3 0.0 6
3 5.6904864 6
3 49.089046 6
3 0.0 6
7
0
0.0 0.0 0.0
2.4552891 2.5253422 -5.5668125
1.0943042 2.5253422 0.56681275
1.392806 -0.5 -5.0
-1.0624831 2.5253422 0.56681275
1.0 0.0 0.0
1.0 0.0 0.0
2
4 0.0 7
3 0.0 7
3 4.4415326 7
3 -120.0 7
3 0.0 7
4 0.0 7
3 0.0 7
3 8.330143 7
3 120.0 7
3 0.0 7
8
0
0.0 0.0 0.0
-2.4552891 2.5253422 5.5668125
1.0943042 2.5253422 0.56681275
-1.392806 -0.5 5.0
1.0624831 2.5253422 -0.56681275
1.0 0.0 0.0
1.0 0.0 0.0
2
4 0.0 8
3 0.0 8
3 4.4415326 8
3 120.0 8
3 0.0 8
4 0.0 8
3 0.0 8
3 8.330143 8
3 -120.0 8
3 0.0 8
