5
0
-1
0.0 0.0 0.0 
0.0 2.5 0.0 
5.0 0.5 5.0 
0.0 0.0 0.0 
0.0 0.0 0.0 
0.0 0.0 0.0 
0.0 0.0 0.0 
0
1
0
0.0 0.0 0.0 
7.0 1.5 0.0 
2.0 0.5 0.5 
5.0 -0.5 0.0 
-2.0 0.5 0.0 
0.0 0.0 1.0 
0.0 0.0 1.0 
1
4 0.0 1
3 0.0 1
3 5.0 1
3 3.4028235E38 1
3 0.0 1
2
0
0.0 0.0 0.0 
0.0 1.5 7.0 
0.5 0.5 2.0 
0.0 -0.5 5.0 
0.0 0.5 -2.0 
1.0 0.0 0.0 
1.0 0.0 0.0 
1
4 0.0 2
3 0.0 2
3 5.0 2
3 -3.4028235E38 2
3 0.0 2
3
0
0.0 0.0 0.0 
-7.0 1.5 0.0 
2.0 0.5 0.5 
-5.0 -0.5 0.0 
2.0 0.5 0.0 
0.0 0.0 1.0 
0.0 0.0 1.0 
1
4 0.0 3
3 0.0 3
3 5.0 3
3 -3.4028235E38 3
3 0.0 3
4
0
0.0 0.0 0.0 
0.0 1.5 -7.0 
0.5 0.5 2.0 
0.0 -0.5 -5.0 
0.0 0.5 2.0 
1.0 0.0 0.0 
1.0 0.0 0.0 
1
4 0.0 4
3 0.0 4
3 0.0 4
3 0.0 4
3 0.0 4
