2
0
-1
0.0 0.0 0.0 
0.0 14.953444 0.0 
2.8426607 0.67832017 3.6822634 
0.0 0.0 0.0 
0.0 0.0 0.0 
0.0 0.0 0.0 
0.0 0.0 0.0 
0
1
0
0.0 0.0 0.0 
-4.206599 5.729929 -1.3098204 
2.2953377 0.7772655 1.5982115 
-2.8426607 0.67832017 -3.6822634 
2.2953377 -0.7772655 1.5982115 
0.0 0.0 1.0 
0.0 0.0 1.0 
3
4 0.0 1
0 0.0 1
3 8.084032 1
3 59.396812 1
1 0.12220001 1
1 -60.35285 1
0 0.0 1
3 1.2266068 1
2 6.3714085 1
1 0.0 1
2 4.9204063 1
3 0.55483824 1
0 -60.35285 1
3 0.0 1
2 0.0 1
2
0
-1
0.0 0.0 0.0 
0.0 14.953444 0.0 
2.8426607 0.67832017 3.6822634 
0.0 0.0 0.0 
0.0 0.0 0.0 
0.0 0.0 0.0 
0.0 0.0 0.0 
0
1
0
0.0 0.0 0.0 
-4.206599 5.729929 -1.3098204 
2.2953377 0.7772655 1.5982115 
-2.7720077 4.214511 -2.0696638 
2.2953377 -0.7772655 1.5982115 
0.0 0.0 1.0 
0.0 0.0 1.0 
3
4 0.0 1
3 0.2903217 1
3 8.084032 1
3 0.0 1
3 60.249035 1
1 5.869765 1
2 0.9390744 1
3 0.0 1
2 -60.35285 1
2 0.50569576 1
2 0.18865663 1
0 -60.35285 1
4 0.0 1
2 0.0 1
2 5.43398 1
2
0
-1
0.0 0.0 0.0 
0.0 14.953444 0.0 
2.8426607 0.67832017 3.6822634 
0.0 0.0 0.0 
0.0 0.0 0.0 
0.0 0.0 0.0 
0.0 0.0 0.0 
0
1
0
0.0 0.0 0.0 
-4.206599 5.729929 -1.3098204 
2.2953377 0.7772655 1.5982115 
-2.7720077 4.214511 -2.0696638 
2.2953377 -0.7772655 1.5982115 
0.0 0.0 1.0 
0.0 0.0 1.0 
3
4 0.2121849 1
3 0.4188962 1
3 8.084032 1
3 0.11703962 1
3 60.67307 1
3 -59.765343 1
3 0.9390744 1
0 0.0 1
1 6.0888414 1
3 0.0 1
1 0.0 1
0 -60.35285 1
4 4.289828 1
2 0.0 1
2 0.0 1
2
0
-1
0.0 0.0 0.0 
0.0 14.953444 0.0 
2.8426607 0.67832017 3.6822634 
0.0 0.0 0.0 
0.0 0.0 0.0 
0.0 0.0 0.0 
0.0 0.0 0.0 
0
1
0
0.0 0.0 0.0 
-4.206599 5.729929 -1.3098204 
2.2953377 0.7772655 1.5982115 
-2.7720077 4.214511 -2.0696638 
2.2953377 -0.7772655 1.5982115 
0.0 0.0 1.0 
0.0 0.0 1.0 
3
4 0.28998607 1
4 0.0 1
3 7.6626368 1
3 59.396812 1
0 0.0 1
2 0.0 1
2 0.0 1
1 6.3714085 1
2 0.0 1
0 0.0 1
2 0.42003918 1
3 0.0 1
0 0.0 1
4 0.0 1
3 4.9204063 1
2
0
-1
0.0 0.0 0.0 
0.0 14.953444 0.0 
2.8426607 0.67832017 3.6822634 
0.0 0.0 0.0 
0.0 0.0 0.0 
0.0 0.0 0.0 
0.0 0.0 0.0 
0
1
0
0.0 0.0 0.0 
-4.206599 5.729929 -1.3098204 
2.2953377 0.7772655 1.5982115 
-2.7720077 4.214511 -2.0696638 
2.2953377 -0.7772655 1.5982115 
0.0 0.0 1.0 
0.0 0.0 1.0 
3
3 0.29466945 1
4 0.180125 1
3 8.084032 1
3 60.270348 1
1 0.0 1
3 -60.08988 1
2 0.0 1
1 6.3714085 1
2 0.0 1
1 0.0 1
4 0.98633367 1
3 -60.35285 1
0 0.0 1
0 0.55483824 1
0 5.4396224 1
2
0
-1
0.0 0.0 0.0 
0.0 14.953444 0.0 
2.8426607 0.67832017 3.6822634 
0.0 0.0 0.0 
0.0 0.0 0.0 
0.0 0.0 0.0 
0.0 0.0 0.0 
0
1
0
0.0 0.0 0.0 
-4.206599 5.729929 -1.3098204 
2.2953377 0.7772655 1.5982115 
-2.7720077 4.214511 -2.0696638 
2.2953377 -0.7772655 1.5982115 
0.0 0.0 1.0 
0.0 0.0 1.0 
3
4 0.0 1
0 0.0 1
3 8.084032 1
3 59.396812 1
1 0.12220001 1
1 -60.35285 1
0 0.0 1
3 1.2266068 1
2 6.3714085 1
1 0.0 1
2 4.9204063 1
3 0.55483824 1
0 -60.35285 1
3 0.0 1
2 0.0 1
2
0
-1
0.0 0.0 0.0 
0.0 14.953444 0.0 
2.8426607 0.67832017 3.6822634 
0.0 0.0 0.0 
0.0 0.0 0.0 
0.0 0.0 0.0 
0.0 0.0 0.0 
0
1
0
0.0 0.0 0.0 
-4.206599 5.729929 -1.3098204 
2.2953377 0.7772655 1.5982115 
-2.7720077 4.214511 -2.0696638 
2.2953377 -0.7772655 1.5982115 
0.0 0.0 1.0 
0.0 0.0 1.0 
3
4 0.0 1
3 0.34683603 1
3 8.068684 1
4 0.0 1
3 60.270817 1
2 6.0888414 1
3 0.67960334 1
3 0.0 1
4 0.0 1
3 0.9849062 1
2 0.0 1
3 -59.92151 1
1 4.055025 1
3 0.0 1
0 0.0 1
2
0
-1
0.0 0.0 0.0 
0.0 14.953444 0.0 
2.8426607 0.67832017 3.6822634 
0.0 0.0 0.0 
0.0 0.0 0.0 
0.0 0.0 0.0 
0.0 0.0 0.0 
0
1
0
0.0 0.0 0.0 
-4.206599 5.729929 -1.3098204 
2.2953377 0.7772655 1.5982115 
-2.7720077 4.214511 -2.0696638 
2.2953377 -0.7772655 1.5982115 
0.0 0.0 1.0 
0.0 0.0 1.0 
3
4 0.0 1
4 0.0 1
3 8.084032 1
3 60.391888 1
1 0.0 1
2 0.0 1
0 0.0 1
3 6.3714085 1
2 0.0 1
3 0.0 1
2 5.864294 1
3 -60.35285 1
0 0.0 1
1 0.55483824 1
0 0.0 1
2
0
-1
0.0 0.0 0.0 
0.0 14.953444 0.0 
2.8426607 0.67832017 3.6822634 
0.0 0.0 0.0 
0.0 0.0 0.0 
0.0 0.0 0.0 
0.0 0.0 0.0 
0
1
0
0.0 0.0 0.0 
-4.206599 5.729929 -1.3098204 
2.2953377 0.7772655 1.5982115 
-2.7720077 4.214511 -2.0696638 
2.2953377 -0.7772655 1.5982115 
0.0 0.0 1.0 
0.0 0.0 1.0 
3
3 0.29466945 1
4 0.180125 1
3 8.084032 1
3 60.270348 1
1 0.0 1
3 -60.08988 1
2 0.0 1
1 6.240495 1
2 0.0 1
1 0.0 1
4 0.98633367 1
3 -60.35285 1
1 0.0 1
0 0.55483824 1
0 5.4396224 1
2
0
-1
0.0 0.0 0.0 
0.0 14.953444 0.0 
2.8426607 0.67832017 3.6822634 
0.0 0.0 0.0 
0.0 0.0 0.0 
0.0 0.0 0.0 
0.0 0.0 0.0 
0
1
0
0.0 0.0 0.0 
-4.206599 5.729929 -1.3098204 
2.2953377 0.7772655 1.5982115 
-2.7720077 4.214511 -2.0696638 
2.2953377 -0.7772655 1.5982115 
0.0 0.0 1.0 
0.0 0.0 1.0 
3
4 0.0 1
4 0.11076546 1
3 8.365728 1
3 59.396812 1
0 0.0 1
2 -60.35285 1
0 0.587246 1
0 6.3714085 1
2 0.0 1
2 0.32373768 1
2 4.9204063 1
4 0.55483824 1
4 -60.283596 1
3 0.0 1
1 0.0 1
2
0
-1
0.0 0.0 0.0 
0.0 14.953444 0.0 
2.8426607 0.67832017 3.6822634 
0.0 0.0 0.0 
0.0 0.0 0.0 
0.0 0.0 0.0 
0.0 0.0 0.0 
0
1
0
0.0 0.0 0.0 
-4.206599 5.729929 -1.3098204 
2.2953377 0.7772655 1.5982115 
-2.7720077 4.214511 -2.0696638 
2.2953377 -0.7772655 1.5982115 
0.0 0.0 1.0 
0.0 0.0 1.0 
3
4 0.32916534 1
4 0.0 1
3 8.084032 1
3 59.334972 1
0 0.0 1
2 0.0 1
2 0.0 1
1 6.3714085 1
2 0.0 1
3 0.0 1
2 0.39980066 1
3 0.74430615 1
0 0.0 1
3 0.42003918 1
0 4.9204063 1
2
0
-1
0.0 0.0 0.0 
0.0 14.953444 0.0 
2.8426607 0.67832017 3.6822634 
0.0 0.0 0.0 
0.0 0.0 0.0 
0.0 0.0 0.0 
0.0 0.0 0.0 
0
1
0
0.0 0.0 0.0 
-4.206599 5.729929 -1.3098204 
2.2953377 0.7772655 1.5982115 
-2.7720077 4.214511 -2.0696638 
2.2953377 -0.7772655 1.5982115 
0.0 0.0 1.0 
0.0 0.0 1.0 
3
3 0.29466945 1
4 0.180125 1
3 8.084032 1
3 60.270348 1
1 0.0 1
3 -60.33923 1
2 0.0 1
1 6.3714085 1
2 0.0 1
1 0.0 1
4 0.98633367 1
3 -60.35285 1
0 0.0 1
0 0.55483824 1
0 3.6258712 1
2
0
-1
0.0 0.0 0.0 
0.0 14.953444 0.0 
2.8426607 0.67832017 3.6822634 
0.0 0.0 0.0 
0.0 0.0 0.0 
0.0 0.0 0.0 
0.0 0.0 0.0 
0
1
0
0.0 0.0 0.0 
-4.206599 5.729929 -1.3098204 
2.2953377 0.7772655 1.5982115 
-2.7720077 4.214511 -2.0696638 
2.2953377 -0.7772655 1.5982115 
0.0 0.0 1.0 
0.0 0.0 1.0 
3
4 0.0 1
3 0.2903217 1
3 8.084032 1
3 0.0 1
3 60.249035 1
1 0.0 1
2 0.9390744 1
3 5.869765 1
4 -60.35285 1
2 0.50569576 1
2 0.0 1
4 0.0 1
4 -60.35285 1
4 0.0 1
2 5.43398 1
2
0
-1
0.0 0.0 0.0 
0.0 14.953444 0.0 
2.8426607 0.67832017 3.6822634 
0.0 0.0 0.0 
0.0 0.0 0.0 
0.0 0.0 0.0 
0.0 0.0 0.0 
0
1
0
0.0 0.0 0.0 
-4.206599 5.729929 -1.3098204 
2.2953377 0.7772655 1.5982115 
-2.7720077 4.214511 -2.0696638 
2.2953377 -0.7772655 1.5982115 
0.0 0.0 1.0 
0.0 0.0 1.0 
3
4 0.91154885 1
4 0.0 1
3 8.511575 1
3 59.396812 1
0 0.0 1
4 -59.90606 1
0 0.0 1
3 8.266383 1
2 0.0 1
3 0.0 1
1 0.0 1
0 0.0 1
0 4.9204063 1
3 0.0 1
0 0.55483824 1
2
0
-1
0.0 0.0 0.0 
0.0 14.953444 0.0 
2.8426607 0.67832017 3.6822634 
0.0 0.0 0.0 
0.0 0.0 0.0 
0.0 0.0 0.0 
0.0 0.0 0.0 
0
1
0
0.0 0.0 0.0 
-4.206599 5.729929 -1.3098204 
2.2953377 0.7772655 1.5982115 
-2.7720077 4.214511 -2.0696638 
2.2953377 -0.7772655 1.5982115 
0.0 0.0 1.0 
0.0 0.0 1.0 
3
4 0.32916534 1
4 0.0 1
3 8.084032 1
3 59.334972 1
0 0.0 1
2 0.0 1
2 0.0 1
1 6.3714085 1
2 0.0 1
3 0.0 1
2 0.0 1
3 0.0 1
0 0.0 1
3 0.42003918 1
0 4.9204063 1
2
0
-1
0.0 0.0 0.0 
0.0 14.953444 0.0 
2.8426607 0.67832017 3.6822634 
0.0 0.0 0.0 
0.0 0.0 0.0 
0.0 0.0 0.0 
0.0 0.0 0.0 
0
1
0
0.0 0.0 0.0 
-4.206599 5.729929 -1.3098204 
2.2953377 0.7772655 1.5982115 
-2.7720077 4.214511 -2.0696638 
2.2953377 -0.7772655 1.5982115 
0.0 0.0 1.0 
0.0 0.0 1.0 
3
4 0.0 1
4 0.0 1
3 8.084032 1
3 60.391888 1
1 0.0 1
1 0.0 1
0 0.0 1
4 6.3714085 1
2 0.0 1
3 0.0 1
2 0.0 1
3 -60.35285 1
0 0.0 1
1 0.55483824 1
0 5.864294 1
2
0
-1
0.0 0.0 0.0 
0.0 14.953444 0.0 
2.8426607 0.67832017 3.6822634 
0.0 0.0 0.0 
0.0 0.0 0.0 
0.0 0.0 0.0 
0.0 0.0 0.0 
0
1
0
0.0 0.0 0.0 
-4.206599 5.729929 -1.3098204 
2.2953377 0.7772655 1.5982115 
-2.7720077 4.214511 -2.0696638 
2.2953377 -0.7772655 1.5982115 
0.0 0.0 1.0 
0.0 0.0 1.0 
3
4 0.0 1
4 0.11076546 1
3 8.365728 1
3 59.396812 1
0 0.0 1
3 -60.35285 1
0 0.0 1
0 6.3714085 1
0 0.0 1
2 0.32373768 1
2 4.9204063 1
4 0.55483824 1
4 -60.283596 1
3 0.0 1
1 0.0 1
2
0
-1
0.0 0.0 0.0 
0.0 14.953444 0.0 
2.8426607 0.67832017 3.6822634 
0.0 0.0 0.0 
0.0 0.0 0.0 
0.0 0.0 0.0 
0.0 0.0 0.0 
0
1
0
0.0 0.0 0.0 
-4.206599 5.729929 -1.3098204 
2.2953377 0.7772655 1.5982115 
-2.7720077 4.214511 -2.0696638 
2.2953377 -0.7772655 1.5982115 
0.0 0.0 1.0 
0.0 0.0 1.0 
3
4 0.2121849 1
3 0.4188962 1
3 8.084032 1
3 0.76679 1
3 60.145237 1
2 -60.35285 1
2 0.9390744 1
0 0.82726717 1
2 6.0888414 1
3 0.0 1
1 0.0 1
0 4.289828 1
0 0.0 1
4 0.0 1
0 -60.35285 1
2
0
-1
0.0 0.0 0.0 
0.0 14.953444 0.0 
2.8426607 0.67832017 3.6822634 
0.0 0.0 0.0 
0.0 0.0 0.0 
0.0 0.0 0.0 
0.0 0.0 0.0 
0
1
0
0.0 0.0 0.0 
-4.206599 5.729929 -1.3098204 
2.2953377 0.7772655 1.5982115 
-2.7720077 4.214511 -2.0696638 
2.2953377 -0.7772655 1.5982115 
0.0 0.0 1.0 
0.0 0.0 1.0 
3
4 0.0 1
4 0.0 1
3 8.084032 1
3 60.391888 1
1 0.0 1
1 0.0 1
0 0.0 1
3 6.3714085 1
2 0.0 1
3 0.0 1
4 0.0 1
3 -60.35285 1
0 0.0 1
1 0.55483824 1
0 5.864294 1
2
0
-1
0.0 0.0 0.0 
0.0 14.953444 0.0 
2.8426607 0.67832017 3.6822634 
0.0 0.0 0.0 
0.0 0.0 0.0 
0.0 0.0 0.0 
0.0 0.0 0.0 
0
1
0
0.0 0.0 0.0 
-4.206599 5.729929 -1.3098204 
2.2953377 0.7772655 1.5982115 
-2.7720077 4.214511 -2.0696638 
2.2953377 -0.7772655 1.5982115 
0.0 0.0 1.0 
0.0 0.0 1.0 
3
4 0.0 1
3 0.34683603 1
3 8.068684 1
4 0.0 1
3 60.270817 1
2 6.0888414 1
3 0.67960334 1
3 0.0 1
4 0.0 1
3 1.2578664 1
2 0.0 1
3 -59.92151 1
1 4.055025 1
3 0.0 1
0 0.0 1
2
0
-1
0.0 0.0 0.0 
0.0 14.953444 0.0 
2.8426607 0.67832017 3.6822634 
0.0 0.0 0.0 
0.0 0.0 0.0 
0.0 0.0 0.0 
0.0 0.0 0.0 
0
1
0
0.0 0.0 0.0 
-4.206599 5.729929 -1.3098204 
2.2953377 0.7772655 1.5982115 
-2.7720077 4.214511 -2.0696638 
2.2953377 -0.7772655 1.5982115 
0.0 0.0 1.0 
0.0 0.0 1.0 
3
4 0.0 1
3 0.34683603 1
3 8.068684 1
4 0.0 1
3 60.270817 1
2 6.0888414 1
3 0.67960334 1
3 0.0 1
4 0.0 1
3 1.2578664 1
2 0.0 1
3 -59.92151 1
1 4.055025 1
3 0.0 1
0 0.0 1
2
0
-1
0.0 0.0 0.0 
0.0 14.953444 0.0 
2.8426607 0.67832017 3.6822634 
0.0 0.0 0.0 
0.0 0.0 0.0 
0.0 0.0 0.0 
0.0 0.0 0.0 
0
1
0
0.0 0.0 0.0 
-4.206599 5.729929 -1.3098204 
2.2953377 0.7772655 1.5982115 
-2.7720077 4.214511 -2.0696638 
2.2953377 -0.7772655 1.5982115 
0.0 0.0 1.0 
0.0 0.0 1.0 
3
4 0.0 1
4 0.12220001 1
3 8.084032 1
3 59.396812 1
1 0.0 1
3 -60.35285 1
0 0.0 1
4 6.3714085 1
2 0.0 1
2 0.5023315 1
2 4.9204063 1
4 0.55483824 1
4 -60.35285 1
3 0.0 1
1 0.0 1
2
0
-1
0.0 0.0 0.0 
0.0 14.953444 0.0 
2.8426607 0.67832017 3.6822634 
0.0 0.0 0.0 
0.0 0.0 0.0 
0.0 0.0 0.0 
0.0 0.0 0.0 
0
1
0
0.0 0.0 0.0 
-4.206599 5.729929 -1.3098204 
2.2953377 0.7772655 1.5982115 
-2.7720077 4.214511 -2.0696638 
2.2953377 -0.7772655 1.5982115 
0.0 0.0 1.0 
0.0 0.0 1.0 
3
4 0.0 1
3 0.27484477 1
3 8.068684 1
0 0.0 1
3 60.270817 1
2 6.0888414 1
3 0.67960334 1
3 0.8738332 1
1 0.0 1
1 1.2578664 1
2 0.0 1
3 -59.92151 1
1 4.055025 1
3 0.0 1
0 0.0 1
2
0
-1
0.0 0.0 0.0 
0.0 14.953444 0.0 
2.8426607 0.67832017 3.6822634 
0.0 0.0 0.0 
0.0 0.0 0.0 
0.0 0.0 0.0 
0.0 0.0 0.0 
0
1
0
0.0 0.0 0.0 
-4.206599 5.729929 -1.3098204 
2.2953377 0.7772655 1.5982115 
-2.7720077 4.214511 -2.0696638 
2.2953377 -0.7772655 1.5982115 
0.0 0.0 1.0 
0.0 0.0 1.0 
3
4 0.28998607 1
4 0.0 1
3 7.6626368 1
3 59.396812 1
0 0.0 1
2 0.0 1
2 0.0 1
1 6.3714085 1
2 0.0 1
0 0.0 1
2 0.0 1
3 0.0 1
0 0.0 1
4 0.42003918 1
0 4.9204063 1
2
0
-1
0.0 0.0 0.0 
0.0 14.953444 0.0 
2.8426607 0.67832017 3.6822634 
0.0 0.0 0.0 
0.0 0.0 0.0 
0.0 0.0 0.0 
0.0 0.0 0.0 
0
1
0
0.0 0.0 0.0 
-4.206599 5.729929 -1.3098204 
2.2953377 0.7772655 1.5982115 
-2.7720077 4.214511 -2.0696638 
2.2953377 -0.7772655 1.5982115 
0.0 0.0 1.0 
0.0 0.0 1.0 
3
4 0.0 1
4 0.0 1
3 8.084032 1
3 60.391888 1
1 0.0 1
1 0.0 1
0 0.0 1
4 6.3714085 1
2 0.0 1
3 0.0 1
2 0.0 1
3 -60.35285 1
0 0.0 1
1 0.55483824 1
0 5.864294 1
2
0
-1
0.0 0.0 0.0 
0.0 14.953444 0.0 
2.8426607 0.67832017 3.6822634 
0.0 0.0 0.0 
0.0 0.0 0.0 
0.0 0.0 0.0 
0.0 0.0 0.0 
0
1
0
0.0 0.0 0.0 
-4.206599 5.729929 -1.3098204 
2.2953377 0.7772655 1.5982115 
-2.7720077 4.214511 -2.0696638 
2.2953377 -0.7772655 1.5982115 
0.0 0.0 1.0 
0.0 0.0 1.0 
3
4 0.0 1
3 0.2903217 1
3 8.084032 1
3 0.0 1
3 60.249035 1
1 0.0 1
2 0.9390744 1
3 5.869765 1
4 -60.35285 1
2 0.50569576 1
2 0.0 1
4 0.0 1
4 -60.35285 1
4 0.0 1
2 5.43398 1
2
0
-1
0.0 0.0 0.0 
0.0 14.953444 0.0 
2.8426607 0.67832017 3.6822634 
0.0 0.0 0.0 
0.0 0.0 0.0 
0.0 0.0 0.0 
0.0 0.0 0.0 
0
1
0
0.0 0.0 0.0 
-4.206599 5.729929 -1.3098204 
2.2953377 0.7772655 1.5982115 
-2.7720077 4.214511 -2.0696638 
2.2953377 -0.7772655 1.5982115 
0.0 0.0 1.0 
0.0 0.0 1.0 
3
4 0.0 1
4 0.11076546 1
3 8.365728 1
3 59.396812 1
0 0.0 1
2 -60.35285 1
0 0.587246 1
0 6.3714085 1
2 0.0 1
2 0.32373768 1
2 4.9204063 1
4 0.55483824 1
4 -60.283596 1
3 0.0 1
1 0.0 1
2
0
-1
0.0 0.0 0.0 
0.0 14.953444 0.0 
2.8426607 0.67832017 3.6822634 
0.0 0.0 0.0 
0.0 0.0 0.0 
0.0 0.0 0.0 
0.0 0.0 0.0 
0
1
0
0.0 0.0 0.0 
-4.206599 5.729929 -1.3098204 
2.2953377 0.7772655 1.5982115 
-2.7720077 4.214511 -2.0696638 
2.2953377 -0.7772655 1.5982115 
0.0 0.0 1.0 
0.0 0.0 1.0 
3
4 0.0 1
4 0.0 1
3 8.084032 1
3 60.391888 1
1 0.0 1
2 0.0 1
2 0.0 1
1 6.3714085 1
2 0.0 1
3 0.0 1
2 5.864294 1
3 -60.35285 1
0 0.0 1
1 0.55483824 1
0 0.0 1
2
0
-1
0.0 0.0 0.0 
0.0 14.953444 0.0 
2.8426607 0.67832017 3.6822634 
0.0 0.0 0.0 
0.0 0.0 0.0 
0.0 0.0 0.0 
0.0 0.0 0.0 
0
1
0
0.0 0.0 0.0 
-4.206599 5.729929 -1.3098204 
2.2953377 0.7772655 1.5982115 
-2.7720077 4.214511 -2.0696638 
2.2953377 -0.7772655 1.5982115 
0.0 0.0 1.0 
0.0 0.0 1.0 
3
4 0.0 1
3 0.34683603 1
3 8.068684 1
4 0.0 1
3 60.270817 1
2 6.0888414 1
3 0.67960334 1
3 0.0 1
4 0.0 1
3 0.9849062 1
2 0.0 1
3 -59.92151 1
1 4.055025 1
3 0.0 1
0 0.0 1
2
0
-1
0.0 0.0 0.0 
0.0 14.953444 0.0 
2.8426607 0.67832017 3.6822634 
0.0 0.0 0.0 
0.0 0.0 0.0 
0.0 0.0 0.0 
0.0 0.0 0.0 
0
1
0
0.0 0.0 0.0 
-4.206599 5.729929 -1.3098204 
2.2953377 0.7772655 1.5982115 
-2.7720077 4.214511 -2.0696638 
2.2953377 -0.7772655 1.5982115 
0.0 0.0 1.0 
0.0 0.0 1.0 
3
4 0.91154885 1
4 0.0 1
3 8.511575 1
3 59.396812 1
0 0.0 1
4 -59.90606 1
0 0.0 1
3 8.266383 1
2 0.0 1
3 0.0 1
1 0.0 1
0 0.0 1
0 4.9204063 1
3 0.0 1
0 0.55483824 1
2
0
-1
0.0 0.0 0.0 
0.0 14.953444 0.0 
2.8426607 0.67832017 3.6822634 
0.0 0.0 0.0 
0.0 0.0 0.0 
0.0 0.0 0.0 
0.0 0.0 0.0 
0
1
0
0.0 0.0 0.0 
-4.206599 5.729929 -1.3098204 
2.2953377 0.7772655 1.5982115 
-2.7720077 4.214511 -2.0696638 
2.2953377 -0.7772655 1.5982115 
0.0 0.0 1.0 
0.0 0.0 1.0 
3
4 0.0 1
3 0.2903217 1
3 8.084032 1
1 0.0 1
3 60.249035 1
2 0.0 1
2 0.9390744 1
4 6.0888414 1
2 0.0 1
2 0.0 1
2 0.0 1
2 -60.35285 1
0 5.032352 1
2 0.0 1
0 0.0 1
2
0
-1
0.0 0.0 0.0 
0.0 14.953444 0.0 
2.8426607 0.67832017 3.6822634 
0.0 0.0 0.0 
0.0 0.0 0.0 
0.0 0.0 0.0 
0.0 0.0 0.0 
0
1
0
0.0 0.0 0.0 
-4.206599 5.729929 -1.3098204 
2.2953377 0.7772655 1.5982115 
-2.7720077 4.214511 -2.0696638 
2.2953377 -0.7772655 1.5982115 
0.0 0.0 1.0 
0.0 0.0 1.0 
3
4 0.0 1
4 0.0 1
3 8.084032 1
3 59.396812 1
1 0.12220001 1
1 -60.35285 1
4 0.0 1
3 6.3714085 1
2 1.2266068 1
1 0.8132352 1
2 4.9204063 1
3 0.55483824 1
4 -60.35285 1
3 0.0 1
2 0.0 1
2
0
-1
0.0 0.0 0.0 
0.0 14.953444 0.0 
2.8426607 0.67832017 3.6822634 
0.0 0.0 0.0 
0.0 0.0 0.0 
0.0 0.0 0.0 
0.0 0.0 0.0 
0
1
0
0.0 0.0 0.0 
-4.206599 5.729929 -1.3098204 
2.2953377 1.4624255 1.5982115 
-2.8426607 0.67832017 -3.6822634 
2.2953377 -1.4624255 1.5982115 
0.0 0.0 1.0 
0.0 0.0 1.0 
3
4 0.0 1
3 0.2903217 1
3 8.084032 1
1 0.0 1
3 60.249035 1
2 0.0 1
2 0.9390744 1
4 6.0888414 1
2 0.0 1
2 0.0 1
2 0.0 1
2 -60.35285 1
1 5.032352 1
2 0.0 1
0 0.0 1
2
0
-1
0.0 0.0 0.0 
0.0 14.953444 0.0 
2.8426607 0.67832017 3.6822634 
0.0 0.0 0.0 
0.0 0.0 0.0 
0.0 0.0 0.0 
0.0 0.0 0.0 
0
1
0
0.0 0.0 0.0 
-4.206599 5.729929 -1.3098204 
2.2953377 0.7772655 1.5982115 
-2.7720077 4.214511 -2.0696638 
2.2953377 -0.7772655 1.5982115 
0.0 0.0 1.0 
0.0 0.0 1.0 
3
4 0.0 1
4 0.12220001 1
3 9.068932 1
3 59.396812 1
1 0.0 1
1 -60.35285 1
0 0.0 1
3 6.3714085 1
1 0.08471644 1
1 0.32373768 1
2 4.9204063 1
4 0.55483824 1
4 -60.35285 1
3 0.0 1
1 0.0 1
2
0
-1
0.0 0.0 0.0 
0.0 14.953444 0.0 
2.8426607 0.67832017 3.6822634 
0.0 0.0 0.0 
0.0 0.0 0.0 
0.0 0.0 0.0 
0.0 0.0 0.0 
0
1
0
0.0 0.0 0.0 
-4.206599 5.729929 -1.3098204 
2.2953377 0.7772655 1.5982115 
-2.7720077 4.214511 -2.0696638 
2.2953377 -0.7772655 1.5982115 
0.0 0.0 1.0 
0.0 0.0 1.0 
3
4 0.0 1
4 0.3966177 1
3 8.084032 1
3 60.249035 1
0 0.0 1
3 0.0 1
2 0.0 1
1 0.10905957 1
0 6.1968875 1
3 0.0 1
1 0.0 1
2 5.1932554 1
1 0.0 1
3 0.0 1
0 -60.35285 1
2
0
-1
0.0 0.0 0.0 
0.0 14.953444 0.0 
2.8426607 0.67832017 3.6822634 
0.0 0.0 0.0 
0.0 0.0 0.0 
0.0 0.0 0.0 
0.0 0.0 0.0 
0
1
0
0.0 0.0 0.0 
-4.206599 5.729929 -1.3098204 
2.2953377 0.7772655 1.5982115 
-2.7720077 4.214511 -2.0696638 
2.2953377 -0.7772655 1.5982115 
0.0 0.0 1.0 
0.0 0.0 1.0 
3
4 0.28998607 1
4 0.0 1
3 7.6626368 1
3 59.396812 1
0 0.0 1
2 0.0 1
2 0.0 1
1 6.3714085 1
2 0.0 1
0 0.0 1
2 0.0 1
3 0.0 1
0 0.0 1
3 0.42003918 1
0 4.9204063 1
2
0
-1
0.0 0.0 0.0 
0.0 14.953444 0.0 
2.8426607 0.67832017 3.6822634 
0.0 0.0 0.0 
0.0 0.0 0.0 
0.0 0.0 0.0 
0.0 0.0 0.0 
0
1
0
0.0 0.0 0.0 
-4.206599 5.729929 -1.3098204 
2.2953377 0.7772655 1.5982115 
-2.7720077 4.214511 -2.0696638 
2.2953377 -0.7772655 1.5982115 
0.0 0.0 1.0 
0.0 0.0 1.0 
3
4 0.0 1
0 0.2903217 1
3 8.084032 1
3 0.0 1
3 60.249035 1
2 0.0 1
2 0.9390744 1
0 5.869765 1
2 -60.35285 1
2 0.50569576 1
2 0.0 1
0 0.0 1
4 0.0 1
2 0.0 1
2 5.43398 1
2
0
-1
0.0 0.0 0.0 
0.0 14.953444 0.0 
2.8426607 0.67832017 3.6822634 
0.0 0.0 0.0 
0.0 0.0 0.0 
0.0 0.0 0.0 
0.0 0.0 0.0 
0
1
0
0.0 0.0 0.0 
-4.206599 5.729929 -1.3098204 
2.2953377 0.7772655 1.5982115 
-2.7720077 4.214511 -2.0696638 
2.2953377 -0.7772655 1.5982115 
0.0 0.0 1.0 
0.0 0.0 1.0 
3
4 0.32916534 1
4 0.0 1
3 8.084032 1
3 59.334972 1
0 0.0 1
2 6.3714085 1
2 0.0 1
1 -59.822144 1
2 0.0 1
3 0.0 1
2 0.0 1
3 0.0 1
0 0.0 1
3 0.42003918 1
0 4.9204063 1
2
0
-1
0.0 0.0 0.0 
0.0 14.953444 0.0 
2.8426607 0.67832017 3.6822634 
0.0 0.0 0.0 
0.0 0.0 0.0 
0.0 0.0 0.0 
0.0 0.0 0.0 
0
1
0
0.0 0.0 0.0 
-4.206599 5.729929 -1.3098204 
2.2953377 0.7772655 1.5982115 
-2.7720077 4.214511 -2.0696638 
2.2953377 -0.7772655 1.5982115 
0.0 0.0 1.0 
0.0 0.0 1.0 
3
4 0.0 1
3 0.34683603 1
3 8.068684 1
4 0.0 1
3 60.270817 1
2 6.0888414 1
3 0.67960334 1
3 0.15903926 1
4 0.0 1
3 0.9849062 1
2 0.0 1
3 -59.92151 1
1 4.055025 1
3 0.0 1
0 0.0 1
2
0
-1
0.0 0.0 0.0 
0.0 14.953444 0.0 
2.8426607 0.67832017 3.6822634 
0.0 0.0 0.0 
0.0 0.0 0.0 
0.0 0.0 0.0 
0.0 0.0 0.0 
0
1
0
0.0 0.0 0.0 
-4.206599 5.729929 -1.3098204 
2.2953377 0.7772655 1.5982115 
-2.7720077 4.214511 -2.0696638 
2.2953377 -0.7772655 1.5982115 
0.0 0.0 1.0 
0.0 0.0 1.0 
3
4 0.0 1
4 0.3966177 1
3 8.084032 1
3 60.249035 1
0 0.0 1
3 0.0 1
2 0.0 1
1 0.10905957 1
0 6.1968875 1
3 0.0 1
1 0.0 1
2 5.1932554 1
1 0.0 1
3 0.0 1
0 -60.35285 1
2
0
-1
0.0 0.0 0.0 
0.0 14.953444 0.0 
2.8426607 0.67832017 3.6822634 
0.0 0.0 0.0 
0.0 0.0 0.0 
0.0 0.0 0.0 
0.0 0.0 0.0 
0
1
0
0.0 0.0 0.0 
-4.206599 5.729929 -1.3098204 
2.2953377 0.7772655 1.5982115 
-2.7720077 4.214511 -2.0696638 
2.2953377 -0.7772655 1.5982115 
0.0 0.0 1.0 
0.0 0.0 1.0 
3
4 0.0 1
4 0.0 1
3 8.084032 1
3 59.396812 1
1 0.12220001 1
1 -60.35285 1
0 0.0 1
3 6.3714085 1
2 0.0 1
1 0.32373768 1
2 4.9204063 1
4 0.0 1
4 -60.35285 1
3 0.0 1
1 0.55483824 1
2
0
-1
0.0 0.0 0.0 
0.0 14.953444 0.0 
2.8426607 0.67832017 3.6822634 
0.0 0.0 0.0 
0.0 0.0 0.0 
0.0 0.0 0.0 
0.0 0.0 0.0 
0
1
0
0.0 0.0 0.0 
-4.206599 5.729929 -1.3098204 
2.2953377 0.7772655 1.5982115 
-2.7720077 4.214511 -2.0696638 
2.2953377 -0.7772655 1.5982115 
0.0 0.0 1.0 
0.0 0.0 1.0 
3
4 0.0 1
3 0.2903217 1
3 8.084032 1
3 0.0 1
3 60.249035 1
1 5.869765 1
2 0.9390744 1
3 0.0 1
2 -60.35285 1
2 0.50569576 1
2 0.18865663 1
0 -60.35285 1
4 0.0 1
2 0.0 1
2 5.43398 1
2
0
-1
0.0 0.0 0.0 
0.0 14.953444 0.0 
2.8426607 0.67832017 3.6822634 
0.0 0.0 0.0 
0.0 0.0 0.0 
0.0 0.0 0.0 
0.0 0.0 0.0 
0
1
0
0.0 0.0 0.0 
-4.206599 5.729929 -1.3098204 
2.2953377 0.7772655 1.5982115 
-2.7720077 4.214511 -2.0696638 
2.2953377 -0.7772655 1.5982115 
0.0 0.0 1.0 
0.0 0.0 1.0 
3
4 0.0 1
0 0.2903217 1
3 8.084032 1
3 0.0 1
3 60.249035 1
2 0.0 1
2 0.9390744 1
0 5.869765 1
2 -60.35285 1
2 0.50569576 1
2 0.0 1
0 0.0 1
0 0.0 1
2 0.0 1
2 5.43398 1
2
0
-1
0.0 0.0 0.0 
0.0 14.953444 0.0 
2.8426607 0.67832017 3.6822634 
0.0 0.0 0.0 
0.0 0.0 0.0 
0.0 0.0 0.0 
0.0 0.0 0.0 
0
1
0
0.0 0.0 0.0 
-4.206599 5.729929 -1.3098204 
2.2953377 0.7772655 1.5982115 
-2.7720077 4.214511 -2.0696638 
2.2953377 -0.7772655 1.5982115 
0.0 0.0 1.0 
0.0 0.0 1.0 
3
4 0.08120513 1
4 0.0 1
3 8.084032 1
3 59.022064 1
1 0.0 1
2 0.0 1
0 -60.35285 1
0 6.3714085 1
2 0.32373768 1
1 0.0 1
2 0.5341349 1
2 0.0 1
1 0.0 1
3 4.9204063 1
0 0.0 1
2
0
-1
0.0 0.0 0.0 
0.0 14.953444 0.0 
2.8426607 0.67832017 3.6822634 
0.0 0.0 0.0 
0.0 0.0 0.0 
0.0 0.0 0.0 
0.0 0.0 0.0 
0
1
0
0.0 0.0 0.0 
-4.206599 5.729929 -1.3098204 
2.2953377 0.7772655 1.5982115 
-2.7720077 4.214511 -2.0696638 
2.2953377 -0.7772655 1.5982115 
0.0 0.0 1.0 
0.0 0.0 1.0 
3
4 0.0 1
4 0.12220001 1
3 8.084032 1
3 59.396812 1
1 0.0 1
3 -60.35285 1
0 0.0 1
4 6.3714085 1
2 0.0 1
2 0.5023315 1
2 4.9204063 1
4 0.55483824 1
4 -60.35285 1
3 0.0 1
1 0.0 1
2
0
-1
0.0 0.0 0.0 
0.0 14.953444 0.0 
2.8426607 0.67832017 3.6822634 
0.0 0.0 0.0 
0.0 0.0 0.0 
0.0 0.0 0.0 
0.0 0.0 0.0 
0
1
0
0.0 0.0 0.0 
-4.206599 5.729929 -1.3098204 
2.2953377 0.7772655 1.5982115 
-2.7720077 4.214511 -2.0696638 
2.2953377 -0.7772655 1.5982115 
0.0 0.0 1.0 
0.0 0.0 1.0 
3
4 0.0 1
3 0.2903217 1
3 8.084032 1
1 0.0 1
3 60.249035 1
2 0.0 1
2 0.9390744 1
4 6.0888414 1
2 0.0 1
2 0.0 1
2 0.0 1
2 -60.35285 1
0 5.032352 1
2 0.0 1
0 0.0 1
2
0
-1
0.0 0.0 0.0 
0.0 14.953444 0.0 
2.8426607 0.67832017 3.6822634 
0.0 0.0 0.0 
0.0 0.0 0.0 
0.0 0.0 0.0 
0.0 0.0 0.0 
0
1
0
0.0 0.0 0.0 
-4.206599 5.729929 -1.3098204 
2.2953377 0.7772655 1.5982115 
-2.7720077 4.214511 -2.0696638 
2.2953377 -0.7772655 1.5982115 
0.0 0.0 1.0 
0.0 0.0 1.0 
3
4 0.0 1
4 0.12220001 1
3 9.068932 1
3 59.396812 1
1 0.0 1
1 -59.754025 1
0 0.0 1
3 6.3714085 1
2 0.0 1
1 0.32373768 1
2 4.9204063 1
4 0.55483824 1
4 -60.35285 1
3 0.0 1
1 0.0 1
2
0
-1
0.0 0.0 0.0 
0.0 14.953444 0.0 
2.8426607 0.67832017 3.6822634 
0.0 0.0 0.0 
0.0 0.0 0.0 
0.0 0.0 0.0 
0.0 0.0 0.0 
0
1
0
0.0 0.0 0.0 
-4.206599 5.729929 -1.3098204 
2.2953377 0.7772655 1.5982115 
-2.7720077 4.214511 -2.0696638 
2.2953377 -0.7772655 1.5982115 
0.0 0.0 1.0 
0.0 0.0 1.0 
3
4 0.2121849 1
4 0.4188962 1
3 8.084032 1
3 0.11703962 1
3 60.67307 1
3 -60.35285 1
4 0.9390744 1
0 0.0 1
1 6.0888414 1
3 0.0 1
1 0.0 1
0 -60.35285 1
4 4.289828 1
2 0.0 1
2 0.0 1
2
0
-1
0.0 0.0 0.0 
0.0 14.953444 0.0 
2.8426607 0.67832017 3.6822634 
0.0 0.0 0.0 
0.0 0.0 0.0 
0.0 0.0 0.0 
0.0 0.0 0.0 
0
1
0
0.0 0.0 0.0 
-4.206599 5.729929 -1.3098204 
2.2953377 0.7772655 1.5982115 
-2.7720077 4.214511 -2.0696638 
2.2953377 -0.7772655 1.5982115 
0.0 0.0 1.0 
0.0 0.0 1.0 
3
4 0.28998607 1
4 0.0 1
3 7.6626368 1
3 59.396812 1
0 0.0 1
2 0.0 1
3 0.0 1
1 6.3714085 1
1 0.0 1
0 0.0 1
2 0.0 1
3 0.0 1
0 0.0 1
3 0.42003918 1
0 4.9204063 1
2
0
-1
0.0 0.0 0.0 
0.0 14.953444 0.0 
2.8426607 0.67832017 3.6822634 
0.0 0.0 0.0 
0.0 0.0 0.0 
0.0 0.0 0.0 
0.0 0.0 0.0 
0
1
0
0.0 0.0 0.0 
-4.206599 5.729929 -1.3098204 
2.2953377 0.7772655 1.5982115 
-2.7720077 4.214511 -2.0696638 
2.2953377 -0.7772655 1.5982115 
0.0 0.0 1.0 
0.0 0.0 1.0 
3
3 0.29466945 1
4 0.0 1
3 8.084032 1
3 60.270348 1
1 0.0 1
3 0.0 1
0 0.0 1
4 6.3714085 1
2 0.0 1
2 0.0 1
3 0.7884976 1
3 -60.35285 1
0 0.98633367 1
0 0.55483824 1
1 4.8025517 1
2
0
-1
0.0 0.0 0.0 
0.0 14.953444 0.0 
2.8426607 0.67832017 3.6822634 
0.0 0.0 0.0 
0.0 0.0 0.0 
0.0 0.0 0.0 
0.0 0.0 0.0 
0
1
0
0.0 0.0 0.0 
-4.206599 5.729929 -1.3098204 
2.2953377 0.7772655 1.5982115 
-2.7720077 4.214511 -2.0696638 
2.2953377 -0.7772655 1.5982115 
0.0 0.0 1.0 
0.0 0.0 1.0 
3
4 0.0 1
3 0.2903217 1
3 8.084032 1
1 0.0 1
3 60.249035 1
2 0.0 1
2 0.9390744 1
4 6.0888414 1
2 0.0 1
2 0.0 1
2 0.0 1
4 -60.35285 1
0 5.032352 1
2 0.0 1
1 0.0 1
2
0
-1
0.0 0.0 0.0 
0.0 14.953444 0.0 
2.8426607 0.67832017 3.6822634 
0.0 0.0 0.0 
0.0 0.0 0.0 
0.0 0.0 0.0 
0.0 0.0 0.0 
0
1
0
0.0 0.0 0.0 
-4.206599 5.729929 -1.3098204 
2.2953377 0.7772655 1.5982115 
-2.7720077 4.214511 -2.0696638 
2.2953377 -0.7772655 1.5982115 
0.0 0.0 1.0 
0.0 0.0 1.0 
3
4 0.0 1
4 0.12220001 1
3 8.084032 1
3 59.396812 1
1 0.0 1
3 -60.35285 1
0 0.0 1
4 6.3714085 1
2 0.0 1
2 0.5023315 1
2 4.9204063 1
4 0.55483824 1
4 -60.35285 1
3 0.0 1
1 0.0 1
2
0
-1
0.0 0.0 0.0 
0.0 14.953444 0.0 
2.8426607 0.67832017 3.6822634 
0.0 0.0 0.0 
0.0 0.0 0.0 
0.0 0.0 0.0 
0.0 0.0 0.0 
0
1
0
0.0 0.0 0.0 
-4.206599 5.729929 -1.3098204 
2.2953377 0.7772655 1.5982115 
-2.7720077 4.214511 -2.0696638 
2.2953377 -0.7772655 1.5982115 
0.0 0.0 1.0 
0.0 0.0 1.0 
3
4 0.32916534 1
4 0.0 1
3 8.084032 1
3 59.334972 1
0 0.0 1
2 -59.822144 1
2 0.0 1
1 6.3714085 1
2 0.6423412 1
3 0.0 1
2 0.0 1
3 0.0 1
0 0.0 1
3 0.42003918 1
2 4.9204063 1
2
0
-1
0.0 0.0 0.0 
0.0 14.953444 0.0 
2.8426607 0.67832017 3.6822634 
0.0 0.0 0.0 
0.0 0.0 0.0 
0.0 0.0 0.0 
0.0 0.0 0.0 
0
1
0
0.0 0.0 0.0 
-4.206599 5.729929 -1.3098204 
2.2953377 0.7772655 1.5982115 
-2.7720077 4.214511 -2.0696638 
2.2953377 -0.7772655 1.5982115 
0.0 0.0 1.0 
0.0 0.0 1.0 
3
4 0.0 1
4 0.0 1
3 8.084032 1
3 60.391888 1
1 0.0 1
1 0.0 1
0 0.0 1
3 6.3714085 1
2 0.0 1
3 0.0 1
4 0.0 1
3 -60.35285 1
0 0.0 1
1 0.55483824 1
0 5.864294 1
2
0
-1
0.0 0.0 0.0 
0.0 14.953444 0.0 
2.8426607 0.67832017 3.6822634 
0.0 0.0 0.0 
0.0 0.0 0.0 
0.0 0.0 0.0 
0.0 0.0 0.0 
0
1
0
0.0 0.0 0.0 
-4.206599 5.729929 -1.3098204 
2.2953377 0.7772655 1.5982115 
-2.7720077 4.214511 -2.0696638 
2.2953377 -0.7772655 1.5982115 
0.0 0.0 1.0 
0.0 0.0 1.0 
3
4 0.0 1
3 1.2290281 1
3 8.084032 1
0 0.0 1
3 60.24426 1
2 0.0 1
3 0.67960334 1
0 6.0888414 1
4 0.0 1
3 1.2578664 1
2 4.055025 1
3 -60.35285 1
1 0.0 1
1 0.059624195 1
0 0.0 1
2
0
-1
0.0 0.0 0.0 
0.0 14.953444 0.0 
2.8426607 0.67832017 3.6822634 
0.0 0.0 0.0 
0.0 0.0 0.0 
0.0 0.0 0.0 
0.0 0.0 0.0 
0
1
0
0.0 0.0 0.0 
-4.206599 5.729929 -1.3098204 
2.2953377 0.7772655 1.5982115 
-2.7720077 4.214511 -2.0696638 
2.2953377 -0.7772655 1.5982115 
0.0 0.0 1.0 
0.0 0.0 1.0 
3
4 0.32916534 1
4 0.0 1
3 8.084032 1
3 59.334972 1
0 0.0 1
2 0.0 1
2 0.0 1
1 6.3714085 1
2 0.0 1
3 0.0 1
2 0.0 1
3 0.37250966 1
0 0.0 1
3 0.42003918 1
0 4.9204063 1
2
0
-1
0.0 0.0 0.0 
0.0 14.953444 0.0 
2.8426607 0.67832017 3.6822634 
0.0 0.0 0.0 
0.0 0.0 0.0 
0.0 0.0 0.0 
0.0 0.0 0.0 
0
1
0
0.0 0.0 0.0 
-4.206599 5.729929 -1.3098204 
2.2953377 0.7772655 1.5982115 
-2.7720077 4.214511 -2.0696638 
2.2953377 -0.7772655 1.5982115 
0.0 0.0 1.0 
0.0 0.0 1.0 
3
4 0.32916534 1
4 0.0 1
3 8.084032 1
3 59.334972 1
0 0.0 1
2 0.0 1
2 0.0 1
1 6.3714085 1
2 0.0 1
3 0.0 1
2 0.0 1
3 0.37250966 1
0 0.0 1
3 0.42003918 1
0 4.9204063 1
2
0
-1
0.0 0.0 0.0 
0.0 14.953444 0.0 
2.8426607 0.67832017 3.6822634 
0.0 0.0 0.0 
0.0 0.0 0.0 
0.0 0.0 0.0 
0.0 0.0 0.0 
0
1
0
0.0 0.0 0.0 
-4.206599 5.729929 -1.3098204 
2.2953377 0.7772655 1.5982115 
-2.7720077 4.214511 -2.0696638 
2.2953377 -0.7772655 1.5982115 
0.0 0.0 1.0 
0.0 0.0 1.0 
3
4 0.0 1
4 0.0 1
3 8.084032 1
3 59.396812 1
1 0.12220001 1
1 -60.35285 1
0 0.0 1
3 6.3714085 1
2 0.0 1
1 0.32373768 1
2 4.9204063 1
4 0.0 1
4 -60.35285 1
3 0.0 1
1 0.55483824 1
2
0
-1
0.0 0.0 0.0 
0.0 14.953444 0.0 
2.8426607 0.67832017 3.6822634 
0.0 0.0 0.0 
0.0 0.0 0.0 
0.0 0.0 0.0 
0.0 0.0 0.0 
0
1
0
0.0 0.0 0.0 
-4.206599 5.729929 -1.3098204 
2.2953377 0.7772655 1.5982115 
-2.7720077 4.214511 -2.0696638 
2.2953377 -0.7772655 1.5982115 
0.0 0.0 1.0 
0.0 0.0 1.0 
3
4 0.0 1
4 0.11076546 1
3 8.365728 1
3 59.396812 1
0 0.0 1
2 -60.35285 1
0 0.0 1
0 6.3714085 1
2 0.0 1
2 0.32373768 1
2 4.3207154 1
4 0.55483824 1
4 0.0 1
3 0.0 1
1 0.0 1
2
0
-1
0.0 0.0 0.0 
0.0 14.953444 0.0 
2.8426607 0.67832017 3.6822634 
0.0 0.0 0.0 
0.0 0.0 0.0 
0.0 0.0 0.0 
0.0 0.0 0.0 
0
1
0
0.0 0.0 0.0 
-4.206599 5.729929 -1.3098204 
2.2953377 0.7772655 1.5982115 
-2.7720077 4.214511 -2.0696638 
2.2953377 -0.7772655 1.5982115 
0.0 0.0 1.0 
0.0 0.0 1.0 
3
4 0.32916534 1
4 0.0 1
3 8.084032 1
3 59.334972 1
0 0.0 1
2 -59.822144 1
2 0.0 1
1 6.3714085 1
2 0.0 1
3 0.0 1
2 0.0 1
3 0.0 1
0 0.0 1
3 0.42003918 1
1 4.9204063 1
2
0
-1
0.0 0.0 0.0 
0.0 14.953444 0.0 
2.8426607 0.67832017 3.6822634 
0.0 0.0 0.0 
0.0 0.0 0.0 
0.0 0.0 0.0 
0.0 0.0 0.0 
0
1
0
0.0 0.0 0.0 
-4.206599 5.729929 -1.3098204 
2.2953377 0.7772655 1.5982115 
-2.7720077 4.214511 -2.0696638 
2.2953377 -0.7772655 1.5982115 
0.0 0.0 1.0 
0.0 0.0 1.0 
3
4 0.91154885 1
4 0.0 1
3 8.511575 1
3 59.396812 1
0 0.0 1
4 -59.90606 1
0 0.0 1
3 8.266383 1
2 0.0 1
3 0.0 1
1 0.0 1
0 0.0 1
0 4.9204063 1
3 0.0 1
0 0.55483824 1
2
0
-1
0.0 0.0 0.0 
0.0 14.953444 0.0 
2.8426607 0.67832017 3.6822634 
0.0 0.0 0.0 
0.0 0.0 0.0 
0.0 0.0 0.0 
0.0 0.0 0.0 
0
1
0
0.0 0.0 0.0 
-4.206599 5.729929 -1.3098204 
2.2953377 0.7772655 1.5982115 
-2.7720077 4.214511 -2.0696638 
2.2953377 -0.7772655 1.5982115 
0.0 0.0 1.0 
0.0 0.0 1.0 
3
4 0.0 1
4 0.0 1
3 8.084032 1
3 60.391888 1
1 0.0 1
1 0.0 1
0 0.0 1
3 6.3714085 1
2 0.0 1
3 0.0 1
4 0.0 1
3 -60.35285 1
0 0.0 1
1 0.55483824 1
0 5.864294 1
2
0
-1
0.0 0.0 0.0 
0.0 14.953444 0.0 
2.8426607 0.67832017 3.6822634 
0.0 0.0 0.0 
0.0 0.0 0.0 
0.0 0.0 0.0 
0.0 0.0 0.0 
0
1
0
0.0 0.0 0.0 
-4.206599 5.729929 -1.3098204 
2.2953377 0.7772655 1.5982115 
-2.7720077 4.214511 -2.0696638 
2.2953377 -0.7772655 1.5982115 
0.0 0.0 1.0 
0.0 0.0 1.0 
3
4 0.0 1
3 0.2903217 1
3 8.084032 1
4 0.26905495 1
3 60.249035 1
2 0.0 1
2 0.87242633 1
0 -60.35285 1
1 6.0888414 1
3 0.9390744 1
1 0.0 1
3 -60.35285 1
0 0.0 1
3 4.289828 1
0 0.0 1
2
0
-1
0.0 0.0 0.0 
0.0 14.953444 0.0 
2.8426607 0.67832017 3.6822634 
0.0 0.0 0.0 
0.0 0.0 0.0 
0.0 0.0 0.0 
0.0 0.0 0.0 
0
1
0
0.0 0.0 0.0 
-4.206599 5.729929 -1.3098204 
2.2953377 0.7772655 1.5982115 
-2.7720077 4.214511 -2.0696638 
2.2953377 -0.7772655 1.5982115 
0.0 0.0 1.0 
0.0 0.0 1.0 
3
4 0.0 1
4 0.0 1
3 8.084032 1
3 60.391888 1
1 0.0 1
1 0.0 1
0 0.0 1
4 6.3714085 1
2 0.0 1
3 0.0 1
2 0.0 1
3 -60.35285 1
0 0.0 1
1 0.5012737 1
0 5.864294 1
2
0
-1
0.0 0.0 0.0 
0.0 14.953444 0.0 
2.8426607 0.67832017 3.6822634 
0.0 0.0 0.0 
0.0 0.0 0.0 
0.0 0.0 0.0 
0.0 0.0 0.0 
0
1
0
0.0 0.0 0.0 
-4.206599 5.729929 -1.3098204 
2.2953377 0.7772655 1.5982115 
-2.7720077 4.214511 -2.0696638 
2.2953377 -0.7772655 1.5982115 
0.0 0.0 1.0 
0.0 0.0 1.0 
3
4 0.91154885 1
4 0.0 1
3 8.511575 1
3 59.396812 1
0 0.0 1
4 -59.90606 1
0 0.0 1
3 8.266383 1
2 0.0 1
3 0.0 1
1 0.0 1
0 0.0 1
0 4.9204063 1
3 0.0 1
0 0.55483824 1
2
0
-1
0.0 0.0 0.0 
0.0 14.953444 0.0 
2.8426607 0.67832017 3.6822634 
0.0 0.0 0.0 
0.0 0.0 0.0 
0.0 0.0 0.0 
0.0 0.0 0.0 
0
1
0
0.0 0.0 0.0 
-4.206599 5.729929 -1.3098204 
2.2953377 0.7772655 1.5982115 
-2.7720077 4.214511 -2.0696638 
2.2953377 -0.7772655 1.5982115 
0.0 0.0 1.0 
0.0 0.0 1.0 
3
4 0.0 1
3 0.34683603 1
3 8.068684 1
4 0.0 1
3 60.270817 1
2 6.0888414 1
3 0.67960334 1
3 0.0 1
4 0.0 1
3 1.2578664 1
2 0.0 1
3 -59.92151 1
1 4.055025 1
3 0.0 1
0 0.0 1
2
0
-1
0.0 0.0 0.0 
0.0 14.953444 0.0 
2.8426607 0.67832017 3.6822634 
0.0 0.0 0.0 
0.0 0.0 0.0 
0.0 0.0 0.0 
0.0 0.0 0.0 
0
1
0
0.0 0.0 0.0 
-4.206599 5.729929 -1.3098204 
2.2953377 0.7772655 1.5982115 
-2.7720077 4.214511 -2.0696638 
2.2953377 -0.7772655 1.5982115 
0.0 0.0 1.0 
0.0 0.0 1.0 
3
4 0.32916534 1
4 0.0 1
3 8.084032 1
3 59.334972 1
0 0.0 1
2 6.3714085 1
2 -59.822144 1
1 0.0 1
2 0.0 1
3 0.0 1
2 0.0 1
3 0.0 1
0 0.0 1
3 0.42003918 1
0 4.9204063 1
2
0
-1
0.0 0.0 0.0 
0.0 14.953444 0.0 
2.8426607 0.67832017 3.6822634 
0.0 0.0 0.0 
0.0 0.0 0.0 
0.0 0.0 0.0 
0.0 0.0 0.0 
0
1
0
0.0 0.0 0.0 
-4.206599 5.729929 -1.3098204 
2.2953377 0.7772655 1.5982115 
-2.7720077 4.214511 -2.0696638 
2.2953377 -0.7772655 1.5982115 
0.0 0.0 1.0 
0.0 0.0 1.0 
3
4 0.0 1
3 1.2290281 1
3 8.084032 1
0 0.0 1
3 60.24426 1
2 0.0 1
3 0.67960334 1
0 6.3988743 1
4 0.0 1
3 1.2578664 1
2 4.055025 1
2 -60.35285 1
1 0.0 1
3 0.059624195 1
0 0.0 1
2
0
-1
0.0 0.0 0.0 
0.0 14.953444 0.0 
2.8426607 0.67832017 3.6822634 
0.0 0.0 0.0 
0.0 0.0 0.0 
0.0 0.0 0.0 
0.0 0.0 0.0 
0
1
0
0.0 0.0 0.0 
-4.206599 5.729929 -1.3098204 
2.2953377 0.7772655 1.5982115 
-2.7720077 4.214511 -2.0696638 
2.2953377 -0.7772655 1.5982115 
0.0 0.0 1.0 
0.0 0.0 1.0 
3
4 0.0 1
4 0.11076546 1
3 8.365728 1
3 59.396812 1
0 0.0 1
2 -60.35285 1
0 0.0 1
0 6.3714085 1
2 0.0 1
2 0.32373768 1
2 4.3207154 1
4 0.55483824 1
4 0.0 1
3 0.0 1
1 0.0 1
2
0
-1
0.0 0.0 0.0 
0.0 14.953444 0.0 
2.8426607 0.67832017 3.6822634 
0.0 0.0 0.0 
0.0 0.0 0.0 
0.0 0.0 0.0 
0.0 0.0 0.0 
0
1
0
0.0 0.0 0.0 
-4.206599 5.729929 -1.3098204 
2.2953377 0.7772655 1.5982115 
-2.7720077 4.214511 -2.0696638 
2.2953377 -0.7772655 1.5982115 
0.0 0.0 1.0 
0.0 0.0 1.0 
3
4 0.0 1
3 0.2903217 1
3 8.084032 1
4 0.0 1
3 60.249035 1
2 0.0 1
2 0.87242633 1
0 -60.35285 1
1 6.8338876 1
3 0.9390744 1
1 0.0 1
3 -60.35285 1
0 0.0 1
3 4.289828 1
0 0.0 1
2
0
-1
0.0 0.0 0.0 
0.0 14.953444 0.0 
2.8426607 0.67832017 3.6822634 
0.0 0.0 0.0 
0.0 0.0 0.0 
0.0 0.0 0.0 
0.0 0.0 0.0 
0
1
0
0.0 0.0 0.0 
-4.206599 5.729929 -1.3098204 
2.2953377 0.7772655 1.5982115 
-2.7720077 4.214511 -2.0696638 
2.2953377 -0.7772655 1.5982115 
0.0 0.0 1.0 
0.0 0.0 1.0 
3
4 0.91154885 1
4 0.0 1
3 8.511575 1
3 59.396812 1
0 0.0 1
4 -59.90606 1
3 0.0 1
3 8.266383 1
1 0.0 1
3 0.0 1
1 0.0 1
0 0.0 1
0 4.9204063 1
3 0.0 1
0 0.55483824 1
2
0
-1
0.0 0.0 0.0 
0.0 14.953444 0.0 
2.8426607 0.67832017 3.6822634 
0.0 0.0 0.0 
0.0 0.0 0.0 
0.0 0.0 0.0 
0.0 0.0 0.0 
0
1
0
0.0 0.0 0.0 
-4.206599 5.729929 -1.3098204 
2.2953377 0.7772655 1.5982115 
-2.7720077 4.214511 -2.0696638 
2.2953377 -0.7772655 1.5982115 
0.0 0.0 1.0 
0.0 0.0 1.0 
3
4 0.0 1
4 0.0 1
3 8.084032 1
3 60.391888 1
1 0.0 1
1 0.0 1
0 0.0 1
4 6.3714085 1
2 0.0 1
3 0.0 1
2 0.0 1
3 -60.35285 1
0 0.0 1
1 0.55483824 1
0 5.864294 1
2
0
-1
0.0 0.0 0.0 
0.0 14.953444 0.0 
2.8426607 0.67832017 3.6822634 
0.0 0.0 0.0 
0.0 0.0 0.0 
0.0 0.0 0.0 
0.0 0.0 0.0 
0
1
0
0.0 0.0 0.0 
-4.206599 5.729929 -1.3098204 
2.2953377 0.7772655 1.5982115 
-2.7720077 4.214511 -2.0696638 
2.2953377 -0.7772655 1.5982115 
0.0 0.0 1.0 
0.0 0.0 1.0 
3
4 0.28998607 1
4 0.0 1
3 7.6626368 1
3 59.396812 1
0 0.0 1
2 0.0 1
2 0.0 1
1 6.3714085 1
2 0.0 1
0 0.0 1
2 0.0 1
3 0.0 1
0 0.0 1
4 0.42003918 1
3 4.9204063 1
2
0
-1
0.0 0.0 0.0 
0.0 14.953444 0.0 
2.8426607 0.67832017 3.6822634 
0.0 0.0 0.0 
0.0 0.0 0.0 
0.0 0.0 0.0 
0.0 0.0 0.0 
0
1
0
0.0 0.0 0.0 
-4.206599 5.729929 -1.3098204 
2.2953377 0.7772655 1.5982115 
-2.7720077 4.214511 -2.0696638 
2.2953377 -0.7772655 1.5982115 
0.0 0.0 1.0 
0.0 0.0 1.0 
3
4 0.0 1
3 0.2903217 1
3 6.6770096 1
1 0.0 1
3 60.249035 1
2 0.1763221 1
2 0.34235537 1
0 0.0 1
4 0.9390744 1
3 6.0888414 1
1 0.83988124 1
0 4.397817 1
0 0.0 1
3 0.0 1
0 -60.35285 1
2
0
-1
0.0 0.0 0.0 
0.0 14.953444 0.0 
2.8426607 0.67832017 3.6822634 
0.0 0.0 0.0 
0.0 0.0 0.0 
0.0 0.0 0.0 
0.0 0.0 0.0 
0
1
0
0.0 0.0 0.0 
-4.206599 5.729929 -1.3098204 
2.2953377 0.7772655 1.5982115 
-2.7720077 4.214511 -2.0696638 
2.2953377 -0.7772655 1.5982115 
0.0 0.0 1.0 
0.0 0.0 1.0 
3
4 0.32916534 1
4 0.0 1
3 8.084032 1
3 59.334972 1
0 0.0 1
2 0.0 1
2 0.0 1
1 6.3714085 1
2 0.0 1
3 0.0 1
2 0.39980066 1
3 0.74430615 1
0 0.0 1
3 0.42003918 1
0 4.9204063 1
2
0
-1
0.0 0.0 0.0 
0.0 14.953444 0.0 
2.8426607 0.67832017 3.6822634 
0.0 0.0 0.0 
0.0 0.0 0.0 
0.0 0.0 0.0 
0.0 0.0 0.0 
0
1
0
0.0 0.0 0.0 
-4.206599 5.729929 -1.3098204 
2.2953377 0.7772655 1.5982115 
-2.7720077 4.214511 -2.0696638 
2.2953377 -0.7772655 1.5982115 
0.0 0.0 1.0 
0.0 0.0 1.0 
3
4 0.2121849 1
3 0.4188962 1
3 7.92777 1
3 0.11703962 1
3 59.834015 1
1 0.9390744 1
2 0.0 1
4 -60.35285 1
2 6.0888414 1
3 0.0 1
1 0.0 1
3 0.0 1
0 4.289828 1
1 0.0 1
2 0.0 1
2
0
-1
0.0 0.0 0.0 
0.0 14.953444 0.0 
2.8426607 0.67832017 3.6822634 
0.0 0.0 0.0 
0.0 0.0 0.0 
0.0 0.0 0.0 
0.0 0.0 0.0 
0
1
0
0.0 0.0 0.0 
-4.206599 5.729929 -1.3098204 
2.2953377 0.7772655 1.5982115 
-2.7720077 4.214511 -2.0696638 
2.2953377 -0.7772655 1.5982115 
0.0 0.0 1.0 
0.0 0.0 1.0 
3
3 0.29466945 1
4 0.180125 1
3 8.084032 1
3 60.270348 1
1 0.0 1
3 -60.33923 1
2 0.0 1
1 6.3714085 1
2 0.0 1
1 0.0 1
4 0.98633367 1
3 -60.35285 1
0 0.0 1
0 0.55483824 1
0 3.6258712 1
2
0
-1
0.0 0.0 0.0 
0.0 14.953444 0.0 
2.8426607 0.67832017 3.6822634 
0.0 0.0 0.0 
0.0 0.0 0.0 
0.0 0.0 0.0 
0.0 0.0 0.0 
0
1
0
0.0 0.0 0.0 
-4.206599 5.729929 -1.3098204 
2.2953377 0.7772655 1.5982115 
-2.7720077 4.214511 -2.0696638 
2.2953377 -0.7772655 1.5982115 
0.0 0.0 1.0 
0.0 0.0 1.0 
3
4 0.0 1
4 0.0 1
3 8.084032 1
3 59.396812 1
1 0.12220001 1
1 -60.35285 1
4 0.0 1
3 6.3714085 1
2 1.2266068 1
1 0.8132352 1
2 4.9204063 1
3 0.55483824 1
4 -60.35285 1
3 0.0 1
2 0.0 1
2
0
-1
0.0 0.0 0.0 
0.0 14.953444 0.0 
2.8426607 0.67832017 3.6822634 
0.0 0.0 0.0 
0.0 0.0 0.0 
0.0 0.0 0.0 
0.0 0.0 0.0 
0
1
0
0.0 0.0 0.0 
-4.206599 5.729929 -1.3098204 
2.2953377 0.7772655 1.5982115 
-2.7720077 4.214511 -2.0696638 
2.2953377 -0.7772655 1.5982115 
0.0 0.0 1.0 
0.0 0.0 1.0 
3
3 0.29466945 1
4 0.180125 1
3 8.084032 1
3 60.270348 1
1 0.0 1
3 -60.08988 1
2 0.0 1
1 6.3714085 1
2 0.0 1
1 0.0 1
4 0.98633367 1
3 -60.35285 1
0 0.0 1
4 0.55483824 1
3 5.4396224 1
2
0
-1
0.0 0.0 0.0 
0.0 14.953444 0.0 
2.8426607 0.67832017 3.6822634 
0.0 0.0 0.0 
0.0 0.0 0.0 
0.0 0.0 0.0 
0.0 0.0 0.0 
0
1
0
0.0 0.0 0.0 
-4.206599 5.729929 -1.3098204 
2.2953377 0.7772655 1.5982115 
-2.7720077 4.214511 -2.0696638 
2.2953377 -0.7772655 1.5982115 
0.0 0.0 1.0 
0.0 0.0 1.0 
3
4 0.0 1
3 0.2903217 1
3 8.084032 1
4 0.0 1
3 60.249035 1
2 0.0 1
2 0.87242633 1
0 -60.35285 1
1 6.0888414 1
3 0.9390744 1
1 0.0 1
3 -60.35285 1
0 0.0 1
3 4.56449 1
0 0.0 1
2
0
-1
0.0 0.0 0.0 
0.0 14.953444 0.0 
2.8426607 0.67832017 3.6822634 
0.0 0.0 0.0 
0.0 0.0 0.0 
0.0 0.0 0.0 
0.0 0.0 0.0 
0
1
0
0.0 0.0 0.0 
-4.206599 5.729929 -1.3098204 
2.2953377 0.7772655 1.5982115 
-2.7720077 4.214511 -2.0696638 
2.2953377 -0.7772655 1.5982115 
0.0 0.0 1.0 
0.0 0.0 1.0 
3
4 0.0 1
3 0.2903217 1
3 8.084032 1
3 0.0 1
3 60.249035 1
1 5.869765 1
2 0.9390744 1
3 0.0 1
2 -60.35285 1
2 0.50569576 1
2 0.18865663 1
0 -60.35285 1
4 0.0 1
2 0.0 1
2 5.43398 1
2
0
-1
0.0 0.0 0.0 
0.0 14.953444 0.0 
2.8426607 0.67832017 3.6822634 
0.0 0.0 0.0 
0.0 0.0 0.0 
0.0 0.0 0.0 
0.0 0.0 0.0 
0
1
0
0.0 0.0 0.0 
-4.206599 5.729929 -1.3098204 
2.2953377 0.7772655 1.5982115 
-2.7720077 4.214511 -2.0696638 
2.2953377 -0.7772655 1.5982115 
0.0 0.0 1.0 
0.0 0.0 1.0 
3
4 0.0 1
3 0.2903217 1
3 7.622713 1
1 0.0 1
3 60.69459 1
2 -60.35285 1
2 0.0 1
3 6.0888414 1
1 0.9390744 1
2 0.0 1
1 0.83988124 1
0 4.397817 1
0 -60.35285 1
3 0.0 1
0 0.0 1
2
0
-1
0.0 0.0 0.0 
0.0 14.953444 0.0 
2.8426607 0.67832017 3.6822634 
0.0 0.0 0.0 
0.0 0.0 0.0 
0.0 0.0 0.0 
0.0 0.0 0.0 
0
1
0
0.0 0.0 0.0 
-4.206599 5.729929 -1.3098204 
2.2953377 0.7772655 1.5982115 
-2.7720077 4.214511 -2.0696638 
2.2953377 -0.7772655 1.5982115 
0.0 0.0 1.0 
0.0 0.0 1.0 
3
4 0.0 1
3 0.2903217 1
3 8.084032 1
3 0.92647684 1
3 60.249035 1
1 0.0 1
2 0.9390744 1
3 5.869765 1
4 -60.35285 1
2 0.50569576 1
2 0.0 1
4 0.0 1
4 -60.35285 1
4 0.0 1
2 5.43398 1
2
0
-1
0.0 0.0 0.0 
0.0 14.953444 0.0 
2.8426607 0.67832017 3.6822634 
0.0 0.0 0.0 
0.0 0.0 0.0 
0.0 0.0 0.0 
0.0 0.0 0.0 
0
1
0
0.0 0.0 0.0 
-4.206599 5.729929 -1.3098204 
2.2953377 0.7772655 1.5982115 
-2.7720077 4.214511 -2.0696638 
2.2953377 -0.7772655 1.5982115 
0.0 0.0 1.0 
0.0 0.0 1.0 
3
4 0.0 1
3 0.2903217 1
3 8.084032 1
4 0.0 1
3 60.249035 1
2 0.0 1
2 0.87242633 1
0 -60.35285 1
1 6.0888414 1
3 0.9390744 1
1 0.0 1
3 -60.35285 1
0 0.0 1
3 4.204241 1
0 0.0 1
2
0
-1
0.0 0.0 0.0 
0.0 14.953444 0.0 
2.8426607 0.67832017 3.6822634 
0.0 0.0 0.0 
0.0 0.0 0.0 
0.0 0.0 0.0 
0.0 0.0 0.0 
0
1
0
0.0 0.0 0.0 
-4.206599 5.729929 -1.3098204 
2.2953377 0.7772655 1.5982115 
-2.7720077 4.214511 -2.0696638 
2.2953377 -0.7772655 1.5982115 
0.0 0.0 1.0 
0.0 0.0 1.0 
3
3 0.29466945 1
4 0.180125 1
3 8.084032 1
3 60.270348 1
1 0.0 1
3 -60.33923 1
2 0.0 1
1 6.3714085 1
2 0.0 1
1 0.0 1
4 0.98633367 1
3 -60.35285 1
0 0.85904616 1
0 0.55483824 1
0 4.2746077 1
2
0
-1
0.0 0.0 0.0 
0.0 14.953444 0.0 
2.8426607 0.67832017 3.6822634 
0.0 0.0 0.0 
0.0 0.0 0.0 
0.0 0.0 0.0 
0.0 0.0 0.0 
0
1
0
0.0 0.0 0.0 
-4.206599 5.729929 -1.3098204 
2.2953377 0.7772655 1.5982115 
-2.7720077 4.214511 -2.0696638 
2.2953377 -0.7772655 1.5982115 
0.0 0.0 1.0 
0.0 0.0 1.0 
3
4 0.0 1
4 0.0 1
3 8.084032 1
3 60.391888 1
1 0.0 1
1 0.0 1
0 0.0 1
3 6.3714085 1
2 0.0 1
3 0.0 1
4 0.0 1
3 -60.35285 1
0 0.0 1
1 0.55483824 1
0 5.864294 1
2
0
-1
0.0 0.0 0.0 
0.0 14.953444 0.0 
2.8426607 0.67832017 3.6822634 
0.0 0.0 0.0 
0.0 0.0 0.0 
0.0 0.0 0.0 
0.0 0.0 0.0 
0
1
0
0.0 0.0 0.0 
-4.206599 5.729929 -1.3098204 
2.2953377 0.7772655 1.5982115 
-2.7720077 4.214511 -2.0696638 
2.2953377 -0.7772655 1.5982115 
0.0 0.0 1.0 
0.0 0.0 1.0 
3
4 0.0 1
4 0.12220001 1
3 8.365728 1
3 59.396812 1
1 0.0 1
2 -60.35285 1
0 0.0 1
0 6.3714085 1
2 0.0 1
2 0.32373768 1
2 4.9204063 1
4 0.55483824 1
4 -60.283596 1
2 0.0 1
1 0.0 1
2
0
-1
0.0 0.0 0.0 
0.0 14.953444 0.0 
2.8426607 0.67832017 3.6822634 
0.0 0.0 0.0 
0.0 0.0 0.0 
0.0 0.0 0.0 
0.0 0.0 0.0 
0
1
0
0.0 0.0 0.0 
-4.206599 5.729929 -1.3098204 
2.2953377 0.7772655 1.5982115 
-2.7720077 4.214511 -2.0696638 
2.2953377 -0.7772655 1.5982115 
0.0 0.0 1.0 
0.0 0.0 1.0 
3
4 0.2121849 1
4 0.4188962 1
3 8.084032 1
3 0.11703962 1
3 60.67307 1
3 -60.35285 1
4 0.9390744 1
0 0.0 1
1 6.0888414 1
3 0.0 1
1 0.0 1
0 -60.35285 1
4 4.289828 1
2 0.0 1
2 0.0 1
2
0
-1
0.0 0.0 0.0 
0.0 14.953444 0.0 
2.8426607 0.67832017 3.6822634 
0.0 0.0 0.0 
0.0 0.0 0.0 
0.0 0.0 0.0 
0.0 0.0 0.0 
0
1
0
0.0 0.0 0.0 
-4.206599 5.729929 -1.3098204 
2.2953377 0.7772655 1.5982115 
-2.7720077 4.214511 -2.0696638 
2.2953377 -0.7772655 1.5982115 
0.0 0.0 1.0 
0.0 0.0 1.0 
3
4 0.0 1
3 0.2903217 1
3 7.622713 1
1 0.0 1
3 60.69459 1
2 -60.35285 1
2 0.0 1
3 6.0888414 1
0 0.9390744 1
2 0.0 1
1 0.83988124 1
0 4.397817 1
0 -60.35285 1
3 0.0 1
0 0.0 1
2
0
-1
0.0 0.0 0.0 
0.0 14.953444 0.0 
2.8426607 0.67832017 3.6822634 
0.0 0.0 0.0 
0.0 0.0 0.0 
0.0 0.0 0.0 
0.0 0.0 0.0 
0
1
0
0.0 0.0 0.0 
-4.206599 5.729929 -1.3098204 
2.2953377 0.7772655 1.5982115 
-2.7720077 4.214511 -2.0696638 
2.2953377 -0.7772655 1.5982115 
0.0 0.0 1.0 
0.0 0.0 1.0 
3
4 0.0 1
3 0.34683603 1
3 8.068684 1
4 0.0 1
3 60.270817 1
2 6.0888414 1
3 0.67960334 1
3 0.0 1
4 0.0 1
3 1.2578664 1
2 0.0 1
3 -59.92151 1
1 4.055025 1
3 0.0 1
0 0.0 1
2
0
-1
0.0 0.0 0.0 
0.0 14.953444 0.0 
2.8426607 0.67832017 3.6822634 
0.0 0.0 0.0 
0.0 0.0 0.0 
0.0 0.0 0.0 
0.0 0.0 0.0 
0
1
0
0.0 0.0 0.0 
-4.206599 5.729929 -1.3098204 
2.2953377 0.7772655 1.5982115 
-2.7720077 4.214511 -2.0696638 
2.2953377 -0.7772655 1.5982115 
0.0 0.0 1.0 
0.0 0.0 1.0 
3
4 0.2121849 1
3 0.4188962 1
3 8.084032 1
3 0.76679 1
3 60.145237 1
2 -60.35285 1
2 0.9390744 1
0 0.82726717 1
2 6.0888414 1
3 0.0 1
1 0.0 1
0 4.289828 1
0 0.0 1
4 0.0 1
0 -60.35285 1
2
0
-1
0.0 0.0 0.0 
0.0 14.953444 0.0 
2.8426607 0.67832017 3.6822634 
0.0 0.0 0.0 
0.0 0.0 0.0 
0.0 0.0 0.0 
0.0 0.0 0.0 
0
1
0
0.0 0.0 0.0 
-4.206599 5.729929 -1.3098204 
2.2953377 0.7772655 1.5982115 
-2.7720077 4.214511 -2.0696638 
2.2953377 -0.7772655 1.5982115 
0.0 0.0 1.0 
0.0 0.0 1.0 
3
3 0.29466945 1
4 0.180125 1
3 8.084032 1
3 60.270348 1
1 0.0 1
3 -60.33923 1
2 0.0 1
1 6.3714085 1
2 0.0 1
1 0.0 1
4 0.98633367 1
3 -60.35285 1
0 0.85904616 1
0 0.55483824 1
0 4.2746077 1
2
0
-1
0.0 0.0 0.0 
0.0 14.953444 0.0 
2.8426607 0.67832017 3.6822634 
0.0 0.0 0.0 
0.0 0.0 0.0 
0.0 0.0 0.0 
0.0 0.0 0.0 
0
1
0
0.0 0.0 0.0 
-4.206599 5.729929 -1.3098204 
2.2953377 0.7772655 1.5982115 
-2.7720077 4.214511 -2.0696638 
2.2953377 -0.7772655 1.5982115 
0.0 0.0 1.0 
0.0 0.0 1.0 
3
4 0.0 1
3 0.2903217 1
3 8.084032 1
4 0.0 1
3 60.249035 1
2 0.0 1
2 0.87242633 1
0 -60.35285 1
1 6.0888414 1
3 0.9390744 1
1 0.0 1
3 -60.35285 1
0 0.0 1
3 4.289828 1
0 0.0 1
2
0
-1
0.0 0.0 0.0 
0.0 14.953444 0.0 
2.8426607 0.67832017 3.6822634 
0.0 0.0 0.0 
0.0 0.0 0.0 
0.0 0.0 0.0 
0.0 0.0 0.0 
0
1
0
0.0 0.0 0.0 
-4.206599 5.729929 -1.3098204 
2.2953377 0.7772655 1.5982115 
-2.7720077 4.214511 -2.0696638 
2.2953377 -0.7772655 1.5982115 
0.0 0.0 1.0 
0.0 0.0 1.0 
3
4 0.32916534 1
4 0.0 1
3 8.084032 1
3 59.334972 1
0 0.0 1
2 0.0 1
2 0.0 1
1 6.3714085 1
2 0.0 1
3 0.0 1
2 0.0 1
3 0.37250966 1
0 0.0 1
3 0.42003918 1
0 4.9204063 1
2
0
-1
0.0 0.0 0.0 
0.0 14.953444 0.0 
2.8426607 0.67832017 3.6822634 
0.0 0.0 0.0 
0.0 0.0 0.0 
0.0 0.0 0.0 
0.0 0.0 0.0 
0
1
0
0.0 0.0 0.0 
-4.206599 5.729929 -1.3098204 
2.2953377 0.7772655 1.5982115 
-2.7720077 4.214511 -2.0696638 
2.2953377 -0.7772655 1.5982115 
0.0 0.0 1.0 
0.0 0.0 1.0 
3
4 0.2121849 1
3 0.4188962 1
3 7.92777 1
3 0.11703962 1
3 59.834015 1
1 0.9390744 1
2 0.0 1
4 -60.35285 1
2 6.0888414 1
3 0.0 1
1 0.0 1
3 0.0 1
0 4.289828 1
1 0.0 1
2 0.0 1
2
0
-1
0.0 0.0 0.0 
0.0 14.953444 0.0 
2.8426607 0.67832017 3.6822634 
0.0 0.0 0.0 
0.0 0.0 0.0 
0.0 0.0 0.0 
0.0 0.0 0.0 
0
1
0
0.0 0.0 0.0 
-4.206599 5.729929 -1.3098204 
2.2953377 0.7772655 1.5982115 
-2.7720077 4.214511 -2.0696638 
2.2953377 -0.7772655 1.5982115 
0.0 0.0 1.0 
0.0 0.0 1.0 
3
4 0.0 1
3 0.2903217 1
3 7.622713 1
1 0.0 1
3 60.69459 1
2 -60.35285 1
0 0.0 1
3 6.0888414 1
2 0.9390744 1
1 0.0 1
1 0.83988124 1
0 4.397817 1
0 -60.35285 1
3 0.0 1
0 0.0 1
2
0
-1
0.0 0.0 0.0 
0.0 14.953444 0.0 
2.8426607 0.67832017 3.6822634 
0.0 0.0 0.0 
0.0 0.0 0.0 
0.0 0.0 0.0 
0.0 0.0 0.0 
0
1
0
0.0 0.0 0.0 
-4.206599 5.729929 -1.3098204 
2.2953377 0.7772655 1.5982115 
-2.7720077 4.214511 -2.0696638 
2.2953377 -0.7772655 1.5982115 
0.0 0.0 1.0 
0.0 0.0 1.0 
3
4 0.0 1
3 0.34683603 1
3 8.068684 1
4 0.0 1
3 60.270817 1
2 6.0888414 1
3 0.72068095 1
3 0.0 1
4 0.0 1
3 1.2578664 1
2 0.0 1
3 -59.92151 1
1 4.055025 1
3 0.0 1
0 0.0 1
2
0
-1
0.0 0.0 0.0 
0.0 14.953444 0.0 
2.8426607 0.67832017 3.6822634 
0.0 0.0 0.0 
0.0 0.0 0.0 
0.0 0.0 0.0 
0.0 0.0 0.0 
0
1
0
0.0 0.0 0.0 
-4.206599 5.729929 -1.3098204 
2.2953377 0.7772655 1.5982115 
-2.7720077 4.214511 -2.0696638 
2.2953377 -0.7772655 1.5982115 
0.0 0.0 1.0 
0.0 0.0 1.0 
3
4 0.0 1
4 0.0 1
3 8.084032 1
3 59.396812 1
1 0.12220001 1
1 -60.35285 1
4 0.0 1
3 6.3714085 1
2 1.2266068 1
1 0.8132352 1
2 4.9204063 1
3 0.55483824 1
4 -60.35285 1
3 0.0 1
2 0.0 1
2
0
-1
0.0 0.0 0.0 
0.0 14.953444 0.0 
2.8426607 0.67832017 3.6822634 
0.0 0.0 0.0 
0.0 0.0 0.0 
0.0 0.0 0.0 
0.0 0.0 0.0 
0
1
0
0.0 0.0 0.0 
-4.206599 5.729929 -1.3098204 
2.2953377 0.7772655 1.5982115 
-2.7720077 4.214511 -2.0696638 
2.2953377 -0.7772655 1.5982115 
0.0 0.0 1.0 
0.0 0.0 1.0 
3
4 0.0 1
4 0.12220001 1
3 9.068932 1
3 59.396812 1
1 0.0 1
1 -60.35285 1
0 0.0 1
3 6.3714085 1
1 0.0 1
1 0.32373768 1
2 4.9204063 1
4 0.55483824 1
4 -60.35285 1
3 0.0 1
1 0.0 1
2
0
-1
0.0 0.0 0.0 
0.0 14.953444 0.0 
2.8426607 0.67832017 3.6822634 
0.0 0.0 0.0 
0.0 0.0 0.0 
0.0 0.0 0.0 
0.0 0.0 0.0 
0
1
0
0.0 0.0 0.0 
-4.206599 5.729929 -1.3098204 
2.2953377 0.7772655 1.5982115 
-2.7720077 4.214511 -2.0696638 
2.2953377 -0.7772655 1.5982115 
0.0 0.0 1.0 
0.0 0.0 1.0 
3
4 0.2121849 1
3 0.4188962 1
3 8.084032 1
3 0.76679 1
3 60.145237 1
2 -60.35285 1
2 0.9390744 1
0 0.82726717 1
2 6.0888414 1
3 0.0 1
1 0.0 1
0 4.289828 1
0 0.0 1
4 0.0 1
0 -60.35285 1
